CYP2B6_allele	African_American_Afro_Caribbean	American	Central_South_Asian	East_Asian	European	Latino	Near_Eastern	Oceanian	Sub_Saharan_African
*1*1	0.17098224999999997	1e-12	0.37027225	0.42211009000000005	0.24078649000000002	0.24740676	0.22657599999999997	0.11560000000000002	0.09903609
*1*2	0.0128185	1e-12	0.024948500000000002	0.029756260000000003	0.02414244	0.021885599999999998	0.018564	3.4000000000000003e-07	0.009755699999999999
*1*3	0.0009510499999999999	1e-12	0.0014604	6.497e-07	0.00103047	0.00089532	4.76e-07	3.4000000000000003e-07	3.147e-07
*1*4	0.0042590499999999995	1e-12	0.06024150000000001	0.05470474	0.02006963	0.052823880000000004	0.04950399999999999	3.4000000000000003e-07	3.147e-07
*1*5	0.02567835	1e-12	6.085e-07	0.007146700000000001	0.05667585000000001	0.018950940000000003	0.011424	0.0068000000000000005	0.006294
*1*6	0.1310795	1e-12	0.1125725	0.11337265	0.11433310000000001	0.10524984000000001	0.109956	0.21080000000000002	0.11798103
*1*7	4.1349999999999994e-07	1e-12	6.085e-07	6.497e-07	0.01216936	0.0039792000000000004	0.011424	0.0034000000000000002	0.0050352
*1*8	4.1349999999999994e-07	1e-12	6.085e-07	6.497e-07	4.907e-07	4.974e-07	4.76e-07	3.4000000000000003e-07	3.147e-07
*1*9	0.01922775	1e-12	0.0359015	0.02234968	0.00721329	0.03616098	0.048552	0.0034000000000000002	3.147e-07
*1*10	4.1349999999999994e-07	1e-12	6.085e-07	6.497e-07	4.907e-07	4.974e-07	4.76e-07	3.4000000000000003e-07	3.147e-07
*1*11	0.00103375	1e-12	0.0013387000000000002	6.497e-07	0.0014721	0.00084558	4.76e-07	3.4000000000000003e-07	0.02231223
*1*12	4.1349999999999994e-07	1e-12	6.085e-07	6.497e-07	4.907e-05	0.00024870000000000003	4.76e-07	3.4000000000000003e-07	3.147e-07
*1*13	4.1349999999999994e-07	1e-12	6.085e-07	6.497e-07	4.907e-07	4.974e-07	4.76e-07	3.4000000000000003e-07	3.147e-07
*1*14	4.1349999999999994e-07	1e-12	0.0016429500000000002	6.497e-07	0.0025025700000000004	0.00084558	4.76e-07	3.4000000000000003e-07	3.147e-07
*1*15	4.1349999999999994e-07	1e-12	6.085000000000001e-05	6.497e-07	0.0033858300000000003	0.00079584	4.76e-07	3.4000000000000003e-07	0.00456315
*1*17	0.029358499999999996	1e-12	6.085e-07	6.497e-07	4.907e-07	4.974e-07	4.76e-07	3.4000000000000003e-07	0.00396522
*1*18	0.0136455	1e-12	6.085e-07	6.497e-07	4.907e-07	0.00726204	4.76e-07	3.4000000000000003e-07	0.018158189999999998
*1*19	4.1349999999999994e-07	1e-12	6.085e-07	6.497e-07	4.907e-07	4.974e-07	4.76e-07	3.4000000000000003e-07	0.0050352
*1*20	4.1349999999999994e-07	1e-12	6.085e-07	6.497e-07	4.907e-07	4.974e-07	4.76e-07	3.4000000000000003e-07	0.0050352
*1*21	4.1349999999999994e-07	1e-12	6.085e-07	6.497e-07	4.907e-07	4.974e-07	4.76e-07	3.4000000000000003e-07	0.00399669
*1*22	0.0045485	1e-12	6.085e-07	6.497e-07	0.0068698000000000006	4.974e-07	4.76e-07	3.4000000000000003e-07	0.009755699999999999
*1*23	4.1349999999999994e-07	1e-12	6.085e-07	6.497000000000001e-05	4.907e-05	4.974e-07	4.76e-07	3.4000000000000003e-07	3.147e-07
*1*24	4.1349999999999994e-07	1e-12	6.085e-07	6.497e-07	4.907e-07	4.974e-07	4.76e-07	3.4000000000000003e-07	3.147e-07
*1*25	4.1349999999999994e-07	1e-12	6.085e-07	6.497e-07	4.907e-07	4.974e-07	4.76e-07	3.4000000000000003e-07	3.147e-07
*1*26	4.1349999999999994e-07	1e-12	6.085e-07	6.497e-07	4.907e-07	4.974e-07	4.76e-07	3.4000000000000003e-07	3.147e-07
*1*27	4.1349999999999994e-07	1e-12	6.085e-07	0.00012994000000000002	4.907e-07	4.974e-07	4.76e-07	3.4000000000000003e-07	0.0018881999999999998
*1*28	4.1349999999999994e-07	1e-12	6.085e-07	6.497e-07	4.907e-07	4.974e-07	4.76e-07	3.4000000000000003e-07	0.0018881999999999998
*1*31	4.1349999999999994e-07	1e-12	6.085e-07	6.497e-07	4.907e-07	4.974e-07	4.76e-07	3.4000000000000003e-07	3.147e-07
*1*32	4.1349999999999994e-07	1e-12	6.085e-07	6.497e-07	4.907e-07	4.974e-07	4.76e-07	3.4000000000000003e-07	3.147e-07
*1*33	4.1349999999999994e-07	1e-12	6.085e-07	6.497e-07	4.907e-07	4.974e-07	4.76e-07	3.4000000000000003e-07	3.147e-07
*1*34	4.1349999999999994e-07	1e-12	6.085e-07	6.497e-07	4.907e-07	4.974e-07	4.76e-07	3.4000000000000003e-07	3.147e-07
*1*35	4.1349999999999994e-07	1e-12	6.085e-07	6.497e-07	4.907e-07	4.974e-07	4.76e-07	3.4000000000000003e-07	3.147e-07
*1*36	4.1349999999999994e-07	1e-12	6.085e-07	6.497e-07	4.907e-07	4.974e-07	4.76e-07	3.4000000000000003e-07	3.147e-07
*1*37	4.1349999999999994e-07	1e-12	6.085e-07	6.497e-07	4.907e-07	4.974e-07	4.76e-07	3.4000000000000003e-07	3.147e-07
*1*38	4.1349999999999994e-07	1e-12	6.085e-07	6.497e-07	4.907e-07	4.974e-07	4.76e-07	3.4000000000000003e-07	3.147e-07
*2*1	0.0128185	1e-12	0.024948500000000002	0.029756260000000003	0.02414244	0.021885599999999998	0.018564	3.4000000000000003e-07	0.009755699999999999
*2*2	0.0009609999999999999	1e-12	0.0016810000000000002	0.00209764	0.00242064	0.0019359999999999998	0.001521	1e-12	0.0009609999999999999
*2*3	7.13e-05	1e-12	9.839999999999999e-05	4.58e-08	0.00010332	7.919999999999999e-05	3.9e-08	1e-12	3.1e-08
*2*4	0.0003193	1e-12	0.004059	0.00385636	0.00201228	0.0046727999999999995	0.004056	1e-12	3.1e-08
*2*5	0.0019251000000000001	1e-12	4.1e-08	0.0005038	0.0056826	0.0016764	0.000936	2e-08	0.00062
*2*6	0.009827	1e-12	0.007585000000000001	0.0079921	0.011463600000000001	0.0093104	0.009009	6.2e-07	0.011621900000000001
*2*7	3.1e-08	1e-12	4.1e-08	4.58e-08	0.00122016	0.000352	0.000936	1e-08	0.000496
*2*8	3.1e-08	1e-12	4.1e-08	4.58e-08	4.92e-08	4.4e-08	3.9e-08	1e-12	3.1e-08
*2*9	0.0014415	1e-12	0.002419	0.00157552	0.00072324	0.0031988	0.003978	1e-08	3.1e-08
*2*10	3.1e-08	1e-12	4.1e-08	4.58e-08	4.92e-08	4.4e-08	3.9e-08	1e-12	3.1e-08
*2*11	7.75e-05	1e-12	9.020000000000001e-05	4.58e-08	0.0001476	7.479999999999999e-05	3.9e-08	1e-12	0.0021979
*2*12	3.1e-08	1e-12	4.1e-08	4.58e-08	4.92e-06	2.2e-05	3.9e-08	1e-12	3.1e-08
*2*13	3.1e-08	1e-12	4.1e-08	4.58e-08	4.92e-08	4.4e-08	3.9e-08	1e-12	3.1e-08
*2*14	3.1e-08	1e-12	0.00011070000000000001	4.58e-08	0.00025092	7.479999999999999e-05	3.9e-08	1e-12	3.1e-08
*2*15	3.1e-08	1e-12	4.1000000000000006e-06	4.58e-08	0.00033948	7.04e-05	3.9e-08	1e-12	0.00044950000000000003
*2*17	0.002201	1e-12	4.1e-08	4.58e-08	4.92e-08	4.4e-08	3.9e-08	1e-12	0.0003906
*2*18	0.001023	1e-12	4.1e-08	4.58e-08	4.92e-08	0.0006424	3.9e-08	1e-12	0.0017887
*2*19	3.1e-08	1e-12	4.1e-08	4.58e-08	4.92e-08	4.4e-08	3.9e-08	1e-12	0.000496
*2*20	3.1e-08	1e-12	4.1e-08	4.58e-08	4.92e-08	4.4e-08	3.9e-08	1e-12	0.000496
*2*21	3.1e-08	1e-12	4.1e-08	4.58e-08	4.92e-08	4.4e-08	3.9e-08	1e-12	0.0003937
*2*22	0.000341	1e-12	4.1e-08	4.58e-08	0.0006888	4.4e-08	3.9e-08	1e-12	0.0009609999999999999
*2*23	3.1e-08	1e-12	4.1e-08	4.58e-06	4.92e-06	4.4e-08	3.9e-08	1e-12	3.1e-08
*2*24	3.1e-08	1e-12	4.1e-08	4.58e-08	4.92e-08	4.4e-08	3.9e-08	1e-12	3.1e-08
*2*25	3.1e-08	1e-12	4.1e-08	4.58e-08	4.92e-08	4.4e-08	3.9e-08	1e-12	3.1e-08
*2*26	3.1e-08	1e-12	4.1e-08	4.58e-08	4.92e-08	4.4e-08	3.9e-08	1e-12	3.1e-08
*2*27	3.1e-08	1e-12	4.1e-08	9.16e-06	4.92e-08	4.4e-08	3.9e-08	1e-12	0.000186
*2*28	3.1e-08	1e-12	4.1e-08	4.58e-08	4.92e-08	4.4e-08	3.9e-08	1e-12	0.000186
*2*31	3.1e-08	1e-12	4.1e-08	4.58e-08	4.92e-08	4.4e-08	3.9e-08	1e-12	3.1e-08
*2*32	3.1e-08	1e-12	4.1e-08	4.58e-08	4.92e-08	4.4e-08	3.9e-08	1e-12	3.1e-08
*2*33	3.1e-08	1e-12	4.1e-08	4.58e-08	4.92e-08	4.4e-08	3.9e-08	1e-12	3.1e-08
*2*34	3.1e-08	1e-12	4.1e-08	4.58e-08	4.92e-08	4.4e-08	3.9e-08	1e-12	3.1e-08
*2*35	3.1e-08	1e-12	4.1e-08	4.58e-08	4.92e-08	4.4e-08	3.9e-08	1e-12	3.1e-08
*2*36	3.1e-08	1e-12	4.1e-08	4.58e-08	4.92e-08	4.4e-08	3.9e-08	1e-12	3.1e-08
*2*37	3.1e-08	1e-12	4.1e-08	4.58e-08	4.92e-08	4.4e-08	3.9e-08	1e-12	3.1e-08
*2*38	3.1e-08	1e-12	4.1e-08	4.58e-08	4.92e-08	4.4e-08	3.9e-08	1e-12	3.1e-08
*3*1	0.0009510499999999999	1e-12	0.0014604	6.497e-07	0.00103047	0.00089532	4.76e-07	3.4000000000000003e-07	3.147e-07
*3*2	7.13e-05	1e-12	9.839999999999999e-05	4.58e-08	0.00010332	7.919999999999999e-05	3.9e-08	1e-12	3.1e-08
*3*3	5.29e-06	1e-12	5.759999999999999e-06	1e-12	4.409999999999999e-06	3.24e-06	1e-12	1e-12	1e-12
*3*4	2.369e-05	1e-12	0.0002376	8.42e-08	8.588999999999999e-05	0.00019116	1.0399999999999999e-07	1e-12	1e-12
*3*5	0.00014283	1e-12	2.3999999999999996e-09	1.1e-08	0.00024255	6.858e-05	2.4e-08	2e-08	2e-08
*3*6	0.0007291	1e-12	0.00044399999999999995	1.7449999999999998e-07	0.0004893	0.00038088	2.31e-07	6.2e-07	3.749e-07
*3*7	2.3e-09	1e-12	2.3999999999999996e-09	1e-12	5.2079999999999996e-05	1.44e-05	2.4e-08	1e-08	1.6e-08
*3*8	2.3e-09	1e-12	2.3999999999999996e-09	1e-12	2.0999999999999998e-09	1.7999999999999998e-09	1e-12	1e-12	1e-12
*3*9	0.00010695	1e-12	0.00014159999999999997	3.44e-08	3.0869999999999994e-05	0.00013086	1.0199999999999999e-07	1e-08	1e-12
*3*10	2.3e-09	1e-12	2.3999999999999996e-09	1e-12	2.0999999999999998e-09	1.7999999999999998e-09	1e-12	1e-12	1e-12
*3*11	5.75e-06	1e-12	5.28e-06	1e-12	6.3e-06	3.06e-06	1e-12	1e-12	7.09e-08
*3*12	2.3e-09	1e-12	2.3999999999999996e-09	1e-12	2.1e-07	9e-07	1e-12	1e-12	1e-12
*3*13	2.3e-09	1e-12	2.3999999999999996e-09	1e-12	2.0999999999999998e-09	1.7999999999999998e-09	1e-12	1e-12	1e-12
*3*14	2.3e-09	1e-12	6.48e-06	1e-12	1.071e-05	3.06e-06	1e-12	1e-12	1e-12
*3*15	2.3e-09	1e-12	2.4e-07	1e-12	1.4489999999999998e-05	2.88e-06	1e-12	1e-12	1.45e-08
*3*17	0.00016329999999999998	1e-12	2.3999999999999996e-09	1e-12	2.0999999999999998e-09	1.7999999999999998e-09	1e-12	1e-12	1.26e-08
*3*18	7.59e-05	1e-12	2.3999999999999996e-09	1e-12	2.0999999999999998e-09	2.628e-05	1e-12	1e-12	5.77e-08
*3*19	2.3e-09	1e-12	2.3999999999999996e-09	1e-12	2.0999999999999998e-09	1.7999999999999998e-09	1e-12	1e-12	1.6e-08
*3*20	2.3e-09	1e-12	2.3999999999999996e-09	1e-12	2.0999999999999998e-09	1.7999999999999998e-09	1e-12	1e-12	1.6e-08
*3*21	2.3e-09	1e-12	2.3999999999999996e-09	1e-12	2.0999999999999998e-09	1.7999999999999998e-09	1e-12	1e-12	1.27e-08
*3*22	2.53e-05	1e-12	2.3999999999999996e-09	1e-12	2.94e-05	1.7999999999999998e-09	1e-12	1e-12	3.1e-08
*3*23	2.3e-09	1e-12	2.3999999999999996e-09	1e-10	2.1e-07	1.7999999999999998e-09	1e-12	1e-12	1e-12
*3*24	2.3e-09	1e-12	2.3999999999999996e-09	1e-12	2.0999999999999998e-09	1.7999999999999998e-09	1e-12	1e-12	1e-12
*3*25	2.3e-09	1e-12	2.3999999999999996e-09	1e-12	2.0999999999999998e-09	1.7999999999999998e-09	1e-12	1e-12	1e-12
*3*26	2.3e-09	1e-12	2.3999999999999996e-09	1e-12	2.0999999999999998e-09	1.7999999999999998e-09	1e-12	1e-12	1e-12
*3*27	2.3e-09	1e-12	2.3999999999999996e-09	2e-10	2.0999999999999998e-09	1.7999999999999998e-09	1e-12	1e-12	6e-09
*3*28	2.3e-09	1e-12	2.3999999999999996e-09	1e-12	2.0999999999999998e-09	1.7999999999999998e-09	1e-12	1e-12	6e-09
*3*31	2.3e-09	1e-12	2.3999999999999996e-09	1e-12	2.0999999999999998e-09	1.7999999999999998e-09	1e-12	1e-12	1e-12
*3*32	2.3e-09	1e-12	2.3999999999999996e-09	1e-12	2.0999999999999998e-09	1.7999999999999998e-09	1e-12	1e-12	1e-12
*3*33	2.3e-09	1e-12	2.3999999999999996e-09	1e-12	2.0999999999999998e-09	1.7999999999999998e-09	1e-12	1e-12	1e-12
*3*34	2.3e-09	1e-12	2.3999999999999996e-09	1e-12	2.0999999999999998e-09	1.7999999999999998e-09	1e-12	1e-12	1e-12
*3*35	2.3e-09	1e-12	2.3999999999999996e-09	1e-12	2.0999999999999998e-09	1.7999999999999998e-09	1e-12	1e-12	1e-12
*3*36	2.3e-09	1e-12	2.3999999999999996e-09	1e-12	2.0999999999999998e-09	1.7999999999999998e-09	1e-12	1e-12	1e-12
*3*37	2.3e-09	1e-12	2.3999999999999996e-09	1e-12	2.0999999999999998e-09	1.7999999999999998e-09	1e-12	1e-12	1e-12
*3*38	2.3e-09	1e-12	2.3999999999999996e-09	1e-12	2.0999999999999998e-09	1.7999999999999998e-09	1e-12	1e-12	1e-12
*4*1	0.0042590499999999995	1e-12	0.06024150000000001	0.05470474	0.02006963	0.052823880000000004	0.04950399999999999	3.4000000000000003e-07	3.147e-07
*4*2	0.0003193	1e-12	0.004059	0.00385636	0.00201228	0.0046727999999999995	0.004056	1e-12	3.1e-08
*4*3	2.369e-05	1e-12	0.0002376	8.42e-08	8.588999999999999e-05	0.00019116	1.0399999999999999e-07	1e-12	1e-12
*4*4	0.00010609000000000001	1e-12	0.009801	0.0070896399999999995	0.0016728099999999998	0.01127844	0.010816	1e-12	1e-12
*4*5	0.0006396300000000001	1e-12	9.9e-08	0.0009262	0.00472395	0.0040462200000000005	0.002496	2e-08	2e-08
*4*6	0.0032651	1e-12	0.018315	0.014692899999999998	0.0095297	0.022471920000000003	0.024024	6.2e-07	3.749e-07
*4*7	1.03e-08	1e-12	9.9e-08	8.42e-08	0.00101432	0.0008496	0.002496	1e-08	1.6e-08
*4*8	1.03e-08	1e-12	9.9e-08	8.42e-08	4.0899999999999996e-08	1.062e-07	1.0399999999999999e-07	1e-12	1e-12
*4*9	0.00047895	1e-12	0.005841	0.00289648	0.00060123	0.00772074	0.010608	1e-08	1e-12
*4*10	1.03e-08	1e-12	9.9e-08	8.42e-08	4.0899999999999996e-08	1.062e-07	1.0399999999999999e-07	1e-12	1e-12
*4*11	2.5750000000000002e-05	1e-12	0.00021780000000000004	8.42e-08	0.0001227	0.00018054	1.0399999999999999e-07	1e-12	7.09e-08
*4*12	1.03e-08	1e-12	9.9e-08	8.42e-08	4.09e-06	5.31e-05	1.0399999999999999e-07	1e-12	1e-12
*4*13	1.03e-08	1e-12	9.9e-08	8.42e-08	4.0899999999999996e-08	1.062e-07	1.0399999999999999e-07	1e-12	1e-12
*4*14	1.03e-08	1e-12	0.00026730000000000005	8.42e-08	0.00020859	0.00018054	1.0399999999999999e-07	1e-12	1e-12
*4*15	1.03e-08	1e-12	9.900000000000002e-06	8.42e-08	0.00028220999999999997	0.00016992	1.0399999999999999e-07	1e-12	1.45e-08
*4*17	0.0007312999999999999	1e-12	9.9e-08	8.42e-08	4.0899999999999996e-08	1.062e-07	1.0399999999999999e-07	1e-12	1.26e-08
*4*18	0.0003399	1e-12	9.9e-08	8.42e-08	4.0899999999999996e-08	0.0015505200000000001	1.0399999999999999e-07	1e-12	5.77e-08
*4*19	1.03e-08	1e-12	9.9e-08	8.42e-08	4.0899999999999996e-08	1.062e-07	1.0399999999999999e-07	1e-12	1.6e-08
*4*20	1.03e-08	1e-12	9.9e-08	8.42e-08	4.0899999999999996e-08	1.062e-07	1.0399999999999999e-07	1e-12	1.6e-08
*4*21	1.03e-08	1e-12	9.9e-08	8.42e-08	4.0899999999999996e-08	1.062e-07	1.0399999999999999e-07	1e-12	1.27e-08
*4*22	0.00011329999999999999	1e-12	9.9e-08	8.42e-08	0.0005726	1.062e-07	1.0399999999999999e-07	1e-12	3.1e-08
*4*23	1.03e-08	1e-12	9.9e-08	8.42e-06	4.09e-06	1.062e-07	1.0399999999999999e-07	1e-12	1e-12
*4*24	1.03e-08	1e-12	9.9e-08	8.42e-08	4.0899999999999996e-08	1.062e-07	1.0399999999999999e-07	1e-12	1e-12
*4*25	1.03e-08	1e-12	9.9e-08	8.42e-08	4.0899999999999996e-08	1.062e-07	1.0399999999999999e-07	1e-12	1e-12
*4*26	1.03e-08	1e-12	9.9e-08	8.42e-08	4.0899999999999996e-08	1.062e-07	1.0399999999999999e-07	1e-12	1e-12
*4*27	1.03e-08	1e-12	9.9e-08	1.684e-05	4.0899999999999996e-08	1.062e-07	1.0399999999999999e-07	1e-12	6e-09
*4*28	1.03e-08	1e-12	9.9e-08	8.42e-08	4.0899999999999996e-08	1.062e-07	1.0399999999999999e-07	1e-12	6e-09
*4*31	1.03e-08	1e-12	9.9e-08	8.42e-08	4.0899999999999996e-08	1.062e-07	1.0399999999999999e-07	1e-12	1e-12
*4*32	1.03e-08	1e-12	9.9e-08	8.42e-08	4.0899999999999996e-08	1.062e-07	1.0399999999999999e-07	1e-12	1e-12
*4*33	1.03e-08	1e-12	9.9e-08	8.42e-08	4.0899999999999996e-08	1.062e-07	1.0399999999999999e-07	1e-12	1e-12
*4*34	1.03e-08	1e-12	9.9e-08	8.42e-08	4.0899999999999996e-08	1.062e-07	1.0399999999999999e-07	1e-12	1e-12
*4*35	1.03e-08	1e-12	9.9e-08	8.42e-08	4.0899999999999996e-08	1.062e-07	1.0399999999999999e-07	1e-12	1e-12
*4*36	1.03e-08	1e-12	9.9e-08	8.42e-08	4.0899999999999996e-08	1.062e-07	1.0399999999999999e-07	1e-12	1e-12
*4*37	1.03e-08	1e-12	9.9e-08	8.42e-08	4.0899999999999996e-08	1.062e-07	1.0399999999999999e-07	1e-12	1e-12
*4*38	1.03e-08	1e-12	9.9e-08	8.42e-08	4.0899999999999996e-08	1.062e-07	1.0399999999999999e-07	1e-12	1e-12
*5*1	0.02567835	1e-12	6.085e-07	0.007146700000000001	0.05667585000000001	0.018950940000000003	0.011424	0.0068000000000000005	0.006294
*5*2	0.0019251000000000001	1e-12	4.1e-08	0.0005038	0.0056826	0.0016764	0.000936	2e-08	0.00062
*5*3	0.00014283	1e-12	2.3999999999999996e-09	1.1e-08	0.00024255	6.858e-05	2.4e-08	2e-08	2e-08
*5*4	0.0006396300000000001	1e-12	9.9e-08	0.0009262	0.00472395	0.0040462200000000005	0.002496	2e-08	2e-08
*5*5	0.0038564100000000002	1e-12	1e-12	0.00012099999999999999	0.013340250000000001	0.00145161	0.000576	0.0004	0.0004
*5*6	0.0196857	1e-12	1.85e-07	0.0019194999999999998	0.0269115	0.00806196	0.005544	0.0124	0.007498
*5*7	6.21e-08	1e-12	1e-12	1.1e-08	0.0028644	0.00030480000000000004	0.000576	0.0002	0.00032
*5*8	6.21e-08	1e-12	1e-12	1.1e-08	1.155e-07	3.81e-08	2.4e-08	2e-08	2e-08
*5*9	0.0028876500000000003	1e-12	5.899999999999999e-08	0.0003784	0.00169785	0.0027698700000000002	0.002448	0.0002	2e-08
*5*10	6.21e-08	1e-12	1e-12	1.1e-08	1.155e-07	3.81e-08	2.4e-08	2e-08	2e-08
*5*11	0.00015525	1e-12	2.2e-09	1.1e-08	0.0003465	6.477e-05	2.4e-08	2e-08	0.0014180000000000002
*5*12	6.21e-08	1e-12	1e-12	1.1e-08	1.1550000000000001e-05	1.9050000000000002e-05	2.4e-08	2e-08	2e-08
*5*13	6.21e-08	1e-12	1e-12	1.1e-08	1.155e-07	3.81e-08	2.4e-08	2e-08	2e-08
*5*14	6.21e-08	1e-12	2.7e-09	1.1e-08	0.00058905	6.477e-05	2.4e-08	2e-08	2e-08
*5*15	6.21e-08	1e-12	1e-10	1.1e-08	0.00079695	6.0960000000000006e-05	2.4e-08	2e-08	0.00029
*5*17	0.0044091	1e-12	1e-12	1.1e-08	1.155e-07	3.81e-08	2.4e-08	2e-08	0.000252
*5*18	0.0020493	1e-12	1e-12	1.1e-08	1.155e-07	0.00055626	2.4e-08	2e-08	0.001154
*5*19	6.21e-08	1e-12	1e-12	1.1e-08	1.155e-07	3.81e-08	2.4e-08	2e-08	0.00032
*5*20	6.21e-08	1e-12	1e-12	1.1e-08	1.155e-07	3.81e-08	2.4e-08	2e-08	0.00032
*5*21	6.21e-08	1e-12	1e-12	1.1e-08	1.155e-07	3.81e-08	2.4e-08	2e-08	0.000254
*5*22	0.0006831	1e-12	1e-12	1.1e-08	0.0016170000000000002	3.81e-08	2.4e-08	2e-08	0.00062
*5*23	6.21e-08	1e-12	1e-12	1.1e-06	1.1550000000000001e-05	3.81e-08	2.4e-08	2e-08	2e-08
*5*24	6.21e-08	1e-12	1e-12	1.1e-08	1.155e-07	3.81e-08	2.4e-08	2e-08	2e-08
*5*25	6.21e-08	1e-12	1e-12	1.1e-08	1.155e-07	3.81e-08	2.4e-08	2e-08	2e-08
*5*26	6.21e-08	1e-12	1e-12	1.1e-08	1.155e-07	3.81e-08	2.4e-08	2e-08	2e-08
*5*27	6.21e-08	1e-12	1e-12	2.2e-06	1.155e-07	3.81e-08	2.4e-08	2e-08	0.00012
*5*28	6.21e-08	1e-12	1e-12	1.1e-08	1.155e-07	3.81e-08	2.4e-08	2e-08	0.00012
*5*31	6.21e-08	1e-12	1e-12	1.1e-08	1.155e-07	3.81e-08	2.4e-08	2e-08	2e-08
*5*32	6.21e-08	1e-12	1e-12	1.1e-08	1.155e-07	3.81e-08	2.4e-08	2e-08	2e-08
*5*33	6.21e-08	1e-12	1e-12	1.1e-08	1.155e-07	3.81e-08	2.4e-08	2e-08	2e-08
*5*34	6.21e-08	1e-12	1e-12	1.1e-08	1.155e-07	3.81e-08	2.4e-08	2e-08	2e-08
*5*35	6.21e-08	1e-12	1e-12	1.1e-08	1.155e-07	3.81e-08	2.4e-08	2e-08	2e-08
*5*36	6.21e-08	1e-12	1e-12	1.1e-08	1.155e-07	3.81e-08	2.4e-08	2e-08	2e-08
*5*37	6.21e-08	1e-12	1e-12	1.1e-08	1.155e-07	3.81e-08	2.4e-08	2e-08	2e-08
*5*38	6.21e-08	1e-12	1e-12	1.1e-08	1.155e-07	3.81e-08	2.4e-08	2e-08	2e-08
*6*1	0.1310795	1e-12	0.1125725	0.11337265	0.11433310000000001	0.10524984000000001	0.109956	0.21080000000000002	0.11798103
*6*2	0.009827	1e-12	0.007585000000000001	0.0079921	0.011463600000000001	0.0093104	0.009009	6.2e-07	0.011621900000000001
*6*3	0.0007291	1e-12	0.00044399999999999995	1.7449999999999998e-07	0.0004893	0.00038088	2.31e-07	6.2e-07	3.749e-07
*6*4	0.0032651	1e-12	0.018315	0.014692899999999998	0.0095297	0.022471920000000003	0.024024	6.2e-07	3.749e-07
*6*5	0.0196857	1e-12	1.85e-07	0.0019194999999999998	0.0269115	0.00806196	0.005544	0.0124	0.007498
*6*6	0.10048900000000001	1e-12	0.034225	0.030450249999999995	0.054289000000000004	0.044774560000000005	0.053361000000000006	0.3844	0.14055001
*6*7	3.17e-07	1e-12	1.85e-07	1.7449999999999998e-07	0.0057784	0.0016928000000000002	0.005544	0.0062	0.0059984
*6*8	3.17e-07	1e-12	1.85e-07	1.7449999999999998e-07	2.33e-07	2.116e-07	2.31e-07	6.2e-07	3.749e-07
*6*9	0.0147405	1e-12	0.010915	0.0060028	0.0034251	0.01538332	0.023562	0.0062	3.749e-07
*6*10	3.17e-07	1e-12	1.85e-07	1.7449999999999998e-07	2.33e-07	2.116e-07	2.31e-07	6.2e-07	3.749e-07
*6*11	0.0007925	1e-12	0.000407	1.7449999999999998e-07	0.0006990000000000001	0.00035972	2.31e-07	6.2e-07	0.026580410000000002
*6*12	3.17e-07	1e-12	1.85e-07	1.7449999999999998e-07	2.3300000000000004e-05	0.00010580000000000001	2.31e-07	6.2e-07	3.749e-07
*6*13	3.17e-07	1e-12	1.85e-07	1.7449999999999998e-07	2.33e-07	2.116e-07	2.31e-07	6.2e-07	3.749e-07
*6*14	3.17e-07	1e-12	0.0004995	1.7449999999999998e-07	0.0011883000000000002	0.00035972	2.31e-07	6.2e-07	3.749e-07
*6*15	3.17e-07	1e-12	1.85e-05	1.7449999999999998e-07	0.0016077	0.00033856	2.31e-07	6.2e-07	0.00543605
*6*17	0.022507	1e-12	1.85e-07	1.7449999999999998e-07	2.33e-07	2.116e-07	2.31e-07	6.2e-07	0.004723740000000001
*6*18	0.010461	1e-12	1.85e-07	1.7449999999999998e-07	2.33e-07	0.00308936	2.31e-07	6.2e-07	0.021631730000000002
*6*19	3.17e-07	1e-12	1.85e-07	1.7449999999999998e-07	2.33e-07	2.116e-07	2.31e-07	6.2e-07	0.0059984
*6*20	3.17e-07	1e-12	1.85e-07	1.7449999999999998e-07	2.33e-07	2.116e-07	2.31e-07	6.2e-07	0.0059984
*6*21	3.17e-07	1e-12	1.85e-07	1.7449999999999998e-07	2.33e-07	2.116e-07	2.31e-07	6.2e-07	0.00476123
*6*22	0.0034869999999999996	1e-12	1.85e-07	1.7449999999999998e-07	0.003262	2.116e-07	2.31e-07	6.2e-07	0.011621900000000001
*6*23	3.17e-07	1e-12	1.85e-07	1.745e-05	2.3300000000000004e-05	2.116e-07	2.31e-07	6.2e-07	3.749e-07
*6*24	3.17e-07	1e-12	1.85e-07	1.7449999999999998e-07	2.33e-07	2.116e-07	2.31e-07	6.2e-07	3.749e-07
*6*25	3.17e-07	1e-12	1.85e-07	1.7449999999999998e-07	2.33e-07	2.116e-07	2.31e-07	6.2e-07	3.749e-07
*6*26	3.17e-07	1e-12	1.85e-07	1.7449999999999998e-07	2.33e-07	2.116e-07	2.31e-07	6.2e-07	3.749e-07
*6*27	3.17e-07	1e-12	1.85e-07	3.49e-05	2.33e-07	2.116e-07	2.31e-07	6.2e-07	0.0022494
*6*28	3.17e-07	1e-12	1.85e-07	1.7449999999999998e-07	2.33e-07	2.116e-07	2.31e-07	6.2e-07	0.0022494
*6*31	3.17e-07	1e-12	1.85e-07	1.7449999999999998e-07	2.33e-07	2.116e-07	2.31e-07	6.2e-07	3.749e-07
*6*32	3.17e-07	1e-12	1.85e-07	1.7449999999999998e-07	2.33e-07	2.116e-07	2.31e-07	6.2e-07	3.749e-07
*6*33	3.17e-07	1e-12	1.85e-07	1.7449999999999998e-07	2.33e-07	2.116e-07	2.31e-07	6.2e-07	3.749e-07
*6*34	3.17e-07	1e-12	1.85e-07	1.7449999999999998e-07	2.33e-07	2.116e-07	2.31e-07	6.2e-07	3.749e-07
*6*35	3.17e-07	1e-12	1.85e-07	1.7449999999999998e-07	2.33e-07	2.116e-07	2.31e-07	6.2e-07	3.749e-07
*6*36	3.17e-07	1e-12	1.85e-07	1.7449999999999998e-07	2.33e-07	2.116e-07	2.31e-07	6.2e-07	3.749e-07
*6*37	3.17e-07	1e-12	1.85e-07	1.7449999999999998e-07	2.33e-07	2.116e-07	2.31e-07	6.2e-07	3.749e-07
*6*38	3.17e-07	1e-12	1.85e-07	1.7449999999999998e-07	2.33e-07	2.116e-07	2.31e-07	6.2e-07	3.749e-07
*7*1	4.1349999999999994e-07	1e-12	6.085e-07	6.497e-07	0.01216936	0.0039792000000000004	0.011424	0.0034000000000000002	0.0050352
*7*2	3.1e-08	1e-12	4.1e-08	4.58e-08	0.00122016	0.000352	0.000936	1e-08	0.000496
*7*3	2.3e-09	1e-12	2.3999999999999996e-09	1e-12	5.2079999999999996e-05	1.44e-05	2.4e-08	1e-08	1.6e-08
*7*4	1.03e-08	1e-12	9.9e-08	8.42e-08	0.00101432	0.0008496	0.002496	1e-08	1.6e-08
*7*5	6.21e-08	1e-12	1e-12	1.1e-08	0.0028644	0.00030480000000000004	0.000576	0.0002	0.00032
*7*6	3.17e-07	1e-12	1.85e-07	1.7449999999999998e-07	0.0057784	0.0016928000000000002	0.005544	0.0062	0.0059984
*7*7	1e-12	1e-12	1e-12	1e-12	0.00061504	6.4e-05	0.000576	0.0001	0.000256
*7*8	1e-12	1e-12	1e-12	1e-12	2.4799999999999997e-08	8e-09	2.4e-08	1e-08	1.6e-08
*7*9	4.65e-08	1e-12	5.899999999999999e-08	3.44e-08	0.00036456	0.0005816	0.002448	0.0001	1.6e-08
*7*10	1e-12	1e-12	1e-12	1e-12	2.4799999999999997e-08	8e-09	2.4e-08	1e-08	1.6e-08
*7*11	2.5e-09	1e-12	2.2e-09	1e-12	7.439999999999999e-05	1.36e-05	2.4e-08	1e-08	0.0011344
*7*12	1e-12	1e-12	1e-12	1e-12	2.48e-06	4e-06	2.4e-08	1e-08	1.6e-08
*7*13	1e-12	1e-12	1e-12	1e-12	2.4799999999999997e-08	8e-09	2.4e-08	1e-08	1.6e-08
*7*14	1e-12	1e-12	2.7e-09	1e-12	0.00012648	1.36e-05	2.4e-08	1e-08	1.6e-08
*7*15	1e-12	1e-12	1e-10	1e-12	0.00017112	1.2800000000000001e-05	2.4e-08	1e-08	0.00023200000000000003
*7*17	7.099999999999999e-08	1e-12	1e-12	1e-12	2.4799999999999997e-08	8e-09	2.4e-08	1e-08	0.0002016
*7*18	3.3e-08	1e-12	1e-12	1e-12	2.4799999999999997e-08	0.0001168	2.4e-08	1e-08	0.0009232
*7*19	1e-12	1e-12	1e-12	1e-12	2.4799999999999997e-08	8e-09	2.4e-08	1e-08	0.000256
*7*20	1e-12	1e-12	1e-12	1e-12	2.4799999999999997e-08	8e-09	2.4e-08	1e-08	0.000256
*7*21	1e-12	1e-12	1e-12	1e-12	2.4799999999999997e-08	8e-09	2.4e-08	1e-08	0.0002032
*7*22	1.1e-08	1e-12	1e-12	1e-12	0.0003472	8e-09	2.4e-08	1e-08	0.000496
*7*23	1e-12	1e-12	1e-12	1e-10	2.48e-06	8e-09	2.4e-08	1e-08	1.6e-08
*7*24	1e-12	1e-12	1e-12	1e-12	2.4799999999999997e-08	8e-09	2.4e-08	1e-08	1.6e-08
*7*25	1e-12	1e-12	1e-12	1e-12	2.4799999999999997e-08	8e-09	2.4e-08	1e-08	1.6e-08
*7*26	1e-12	1e-12	1e-12	1e-12	2.4799999999999997e-08	8e-09	2.4e-08	1e-08	1.6e-08
*7*27	1e-12	1e-12	1e-12	2e-10	2.4799999999999997e-08	8e-09	2.4e-08	1e-08	9.6e-05
*7*28	1e-12	1e-12	1e-12	1e-12	2.4799999999999997e-08	8e-09	2.4e-08	1e-08	9.6e-05
*7*31	1e-12	1e-12	1e-12	1e-12	2.4799999999999997e-08	8e-09	2.4e-08	1e-08	1.6e-08
*7*32	1e-12	1e-12	1e-12	1e-12	2.4799999999999997e-08	8e-09	2.4e-08	1e-08	1.6e-08
*7*33	1e-12	1e-12	1e-12	1e-12	2.4799999999999997e-08	8e-09	2.4e-08	1e-08	1.6e-08
*7*34	1e-12	1e-12	1e-12	1e-12	2.4799999999999997e-08	8e-09	2.4e-08	1e-08	1.6e-08
*7*35	1e-12	1e-12	1e-12	1e-12	2.4799999999999997e-08	8e-09	2.4e-08	1e-08	1.6e-08
*7*36	1e-12	1e-12	1e-12	1e-12	2.4799999999999997e-08	8e-09	2.4e-08	1e-08	1.6e-08
*7*37	1e-12	1e-12	1e-12	1e-12	2.4799999999999997e-08	8e-09	2.4e-08	1e-08	1.6e-08
*7*38	1e-12	1e-12	1e-12	1e-12	2.4799999999999997e-08	8e-09	2.4e-08	1e-08	1.6e-08
*8*1	4.1349999999999994e-07	1e-12	6.085e-07	6.497e-07	4.907e-07	4.974e-07	4.76e-07	3.4000000000000003e-07	3.147e-07
*8*2	3.1e-08	1e-12	4.1e-08	4.58e-08	4.92e-08	4.4e-08	3.9e-08	1e-12	3.1e-08
*8*3	2.3e-09	1e-12	2.3999999999999996e-09	1e-12	2.0999999999999998e-09	1.7999999999999998e-09	1e-12	1e-12	1e-12
*8*4	1.03e-08	1e-12	9.9e-08	8.42e-08	4.0899999999999996e-08	1.062e-07	1.0399999999999999e-07	1e-12	1e-12
*8*5	6.21e-08	1e-12	1e-12	1.1e-08	1.155e-07	3.81e-08	2.4e-08	2e-08	2e-08
*8*6	3.17e-07	1e-12	1.85e-07	1.7449999999999998e-07	2.33e-07	2.116e-07	2.31e-07	6.2e-07	3.749e-07
*8*7	1e-12	1e-12	1e-12	1e-12	2.4799999999999997e-08	8e-09	2.4e-08	1e-08	1.6e-08
*8*8	1e-12	1e-12	1e-12	1e-12	1e-12	1e-12	1e-12	1e-12	1e-12
*8*9	4.65e-08	1e-12	5.899999999999999e-08	3.44e-08	1.47e-08	7.27e-08	1.0199999999999999e-07	1e-08	1e-12
*8*10	1e-12	1e-12	1e-12	1e-12	1e-12	1e-12	1e-12	1e-12	1e-12
*8*11	2.5e-09	1e-12	2.2e-09	1e-12	3e-09	1.7e-09	1e-12	1e-12	7.09e-08
*8*12	1e-12	1e-12	1e-12	1e-12	1e-10	5e-10	1e-12	1e-12	1e-12
*8*13	1e-12	1e-12	1e-12	1e-12	1e-12	1e-12	1e-12	1e-12	1e-12
*8*14	1e-12	1e-12	2.7e-09	1e-12	5.1e-09	1.7e-09	1e-12	1e-12	1e-12
*8*15	1e-12	1e-12	1e-10	1e-12	6.9e-09	1.6e-09	1e-12	1e-12	1.45e-08
*8*17	7.099999999999999e-08	1e-12	1e-12	1e-12	1e-12	1e-12	1e-12	1e-12	1.26e-08
*8*18	3.3e-08	1e-12	1e-12	1e-12	1e-12	1.46e-08	1e-12	1e-12	5.77e-08
*8*19	1e-12	1e-12	1e-12	1e-12	1e-12	1e-12	1e-12	1e-12	1.6e-08
*8*20	1e-12	1e-12	1e-12	1e-12	1e-12	1e-12	1e-12	1e-12	1.6e-08
*8*21	1e-12	1e-12	1e-12	1e-12	1e-12	1e-12	1e-12	1e-12	1.27e-08
*8*22	1.1e-08	1e-12	1e-12	1e-12	1.4e-08	1e-12	1e-12	1e-12	3.1e-08
*8*23	1e-12	1e-12	1e-12	1e-10	1e-10	1e-12	1e-12	1e-12	1e-12
*8*24	1e-12	1e-12	1e-12	1e-12	1e-12	1e-12	1e-12	1e-12	1e-12
*8*25	1e-12	1e-12	1e-12	1e-12	1e-12	1e-12	1e-12	1e-12	1e-12
*8*26	1e-12	1e-12	1e-12	1e-12	1e-12	1e-12	1e-12	1e-12	1e-12
*8*27	1e-12	1e-12	1e-12	2e-10	1e-12	1e-12	1e-12	1e-12	6e-09
*8*28	1e-12	1e-12	1e-12	1e-12	1e-12	1e-12	1e-12	1e-12	6e-09
*8*31	1e-12	1e-12	1e-12	1e-12	1e-12	1e-12	1e-12	1e-12	1e-12
*8*32	1e-12	1e-12	1e-12	1e-12	1e-12	1e-12	1e-12	1e-12	1e-12
*8*33	1e-12	1e-12	1e-12	1e-12	1e-12	1e-12	1e-12	1e-12	1e-12
*8*34	1e-12	1e-12	1e-12	1e-12	1e-12	1e-12	1e-12	1e-12	1e-12
*8*35	1e-12	1e-12	1e-12	1e-12	1e-12	1e-12	1e-12	1e-12	1e-12
*8*36	1e-12	1e-12	1e-12	1e-12	1e-12	1e-12	1e-12	1e-12	1e-12
*8*37	1e-12	1e-12	1e-12	1e-12	1e-12	1e-12	1e-12	1e-12	1e-12
*8*38	1e-12	1e-12	1e-12	1e-12	1e-12	1e-12	1e-12	1e-12	1e-12
*9*1	0.01922775	1e-12	0.0359015	0.02234968	0.00721329	0.03616098	0.048552	0.0034000000000000002	3.147e-07
*9*2	0.0014415	1e-12	0.002419	0.00157552	0.00072324	0.0031988	0.003978	1e-08	3.1e-08
*9*3	0.00010695	1e-12	0.00014159999999999997	3.44e-08	3.0869999999999994e-05	0.00013086	1.0199999999999999e-07	1e-08	1e-12
*9*4	0.00047895	1e-12	0.005841	0.00289648	0.00060123	0.00772074	0.010608	1e-08	1e-12
*9*5	0.0028876500000000003	1e-12	5.899999999999999e-08	0.0003784	0.00169785	0.0027698700000000002	0.002448	0.0002	2e-08
*9*6	0.0147405	1e-12	0.010915	0.0060028	0.0034251	0.01538332	0.023562	0.0062	3.749e-07
*9*7	4.65e-08	1e-12	5.899999999999999e-08	3.44e-08	0.00036456	0.0005816	0.002448	0.0001	1.6e-08
*9*8	4.65e-08	1e-12	5.899999999999999e-08	3.44e-08	1.47e-08	7.27e-08	1.0199999999999999e-07	1e-08	1e-12
*9*9	0.00216225	1e-12	0.0034809999999999997	0.00118336	0.00021609	0.00528529	0.010403999999999998	0.0001	1e-12
*9*10	4.65e-08	1e-12	5.899999999999999e-08	3.44e-08	1.47e-08	7.27e-08	1.0199999999999999e-07	1e-08	1e-12
*9*11	0.00011625	1e-12	0.0001298	3.44e-08	4.41e-05	0.00012359	1.0199999999999999e-07	1e-08	7.09e-08
*9*12	4.65e-08	1e-12	5.899999999999999e-08	3.44e-08	1.4700000000000001e-06	3.635e-05	1.0199999999999999e-07	1e-08	1e-12
*9*13	4.65e-08	1e-12	5.899999999999999e-08	3.44e-08	1.47e-08	7.27e-08	1.0199999999999999e-07	1e-08	1e-12
*9*14	4.65e-08	1e-12	0.0001593	3.44e-08	7.497000000000001e-05	0.00012359	1.0199999999999999e-07	1e-08	1e-12
*9*15	4.65e-08	1e-12	5.9e-06	3.44e-08	0.00010143	0.00011632000000000001	1.0199999999999999e-07	1e-08	1.45e-08
*9*17	0.0033014999999999997	1e-12	5.899999999999999e-08	3.44e-08	1.47e-08	7.27e-08	1.0199999999999999e-07	1e-08	1.26e-08
*9*18	0.0015345	1e-12	5.899999999999999e-08	3.44e-08	1.47e-08	0.00106142	1.0199999999999999e-07	1e-08	5.77e-08
*9*19	4.65e-08	1e-12	5.899999999999999e-08	3.44e-08	1.47e-08	7.27e-08	1.0199999999999999e-07	1e-08	1.6e-08
*9*20	4.65e-08	1e-12	5.899999999999999e-08	3.44e-08	1.47e-08	7.27e-08	1.0199999999999999e-07	1e-08	1.6e-08
*9*21	4.65e-08	1e-12	5.899999999999999e-08	3.44e-08	1.47e-08	7.27e-08	1.0199999999999999e-07	1e-08	1.27e-08
*9*22	0.0005115	1e-12	5.899999999999999e-08	3.44e-08	0.0002058	7.27e-08	1.0199999999999999e-07	1e-08	3.1e-08
*9*23	4.65e-08	1e-12	5.899999999999999e-08	3.44e-06	1.4700000000000001e-06	7.27e-08	1.0199999999999999e-07	1e-08	1e-12
*9*24	4.65e-08	1e-12	5.899999999999999e-08	3.44e-08	1.47e-08	7.27e-08	1.0199999999999999e-07	1e-08	1e-12
*9*25	4.65e-08	1e-12	5.899999999999999e-08	3.44e-08	1.47e-08	7.27e-08	1.0199999999999999e-07	1e-08	1e-12
*9*26	4.65e-08	1e-12	5.899999999999999e-08	3.44e-08	1.47e-08	7.27e-08	1.0199999999999999e-07	1e-08	1e-12
*9*27	4.65e-08	1e-12	5.899999999999999e-08	6.88e-06	1.47e-08	7.27e-08	1.0199999999999999e-07	1e-08	6e-09
*9*28	4.65e-08	1e-12	5.899999999999999e-08	3.44e-08	1.47e-08	7.27e-08	1.0199999999999999e-07	1e-08	6e-09
*9*31	4.65e-08	1e-12	5.899999999999999e-08	3.44e-08	1.47e-08	7.27e-08	1.0199999999999999e-07	1e-08	1e-12
*9*32	4.65e-08	1e-12	5.899999999999999e-08	3.44e-08	1.47e-08	7.27e-08	1.0199999999999999e-07	1e-08	1e-12
*9*33	4.65e-08	1e-12	5.899999999999999e-08	3.44e-08	1.47e-08	7.27e-08	1.0199999999999999e-07	1e-08	1e-12
*9*34	4.65e-08	1e-12	5.899999999999999e-08	3.44e-08	1.47e-08	7.27e-08	1.0199999999999999e-07	1e-08	1e-12
*9*35	4.65e-08	1e-12	5.899999999999999e-08	3.44e-08	1.47e-08	7.27e-08	1.0199999999999999e-07	1e-08	1e-12
*9*36	4.65e-08	1e-12	5.899999999999999e-08	3.44e-08	1.47e-08	7.27e-08	1.0199999999999999e-07	1e-08	1e-12
*9*37	4.65e-08	1e-12	5.899999999999999e-08	3.44e-08	1.47e-08	7.27e-08	1.0199999999999999e-07	1e-08	1e-12
*9*38	4.65e-08	1e-12	5.899999999999999e-08	3.44e-08	1.47e-08	7.27e-08	1.0199999999999999e-07	1e-08	1e-12
*10*1	4.1349999999999994e-07	1e-12	6.085e-07	6.497e-07	4.907e-07	4.974e-07	4.76e-07	3.4000000000000003e-07	3.147e-07
*10*2	3.1e-08	1e-12	4.1e-08	4.58e-08	4.92e-08	4.4e-08	3.9e-08	1e-12	3.1e-08
*10*3	2.3e-09	1e-12	2.3999999999999996e-09	1e-12	2.0999999999999998e-09	1.7999999999999998e-09	1e-12	1e-12	1e-12
*10*4	1.03e-08	1e-12	9.9e-08	8.42e-08	4.0899999999999996e-08	1.062e-07	1.0399999999999999e-07	1e-12	1e-12
*10*5	6.21e-08	1e-12	1e-12	1.1e-08	1.155e-07	3.81e-08	2.4e-08	2e-08	2e-08
*10*6	3.17e-07	1e-12	1.85e-07	1.7449999999999998e-07	2.33e-07	2.116e-07	2.31e-07	6.2e-07	3.749e-07
*10*7	1e-12	1e-12	1e-12	1e-12	2.4799999999999997e-08	8e-09	2.4e-08	1e-08	1.6e-08
*10*8	1e-12	1e-12	1e-12	1e-12	1e-12	1e-12	1e-12	1e-12	1e-12
*10*9	4.65e-08	1e-12	5.899999999999999e-08	3.44e-08	1.47e-08	7.27e-08	1.0199999999999999e-07	1e-08	1e-12
*10*10	1e-12	1e-12	1e-12	1e-12	1e-12	1e-12	1e-12	1e-12	1e-12
*10*11	2.5e-09	1e-12	2.2e-09	1e-12	3e-09	1.7e-09	1e-12	1e-12	7.09e-08
*10*12	1e-12	1e-12	1e-12	1e-12	1e-10	5e-10	1e-12	1e-12	1e-12
*10*13	1e-12	1e-12	1e-12	1e-12	1e-12	1e-12	1e-12	1e-12	1e-12
*10*14	1e-12	1e-12	2.7e-09	1e-12	5.1e-09	1.7e-09	1e-12	1e-12	1e-12
*10*15	1e-12	1e-12	1e-10	1e-12	6.9e-09	1.6e-09	1e-12	1e-12	1.45e-08
*10*17	7.099999999999999e-08	1e-12	1e-12	1e-12	1e-12	1e-12	1e-12	1e-12	1.26e-08
*10*18	3.3e-08	1e-12	1e-12	1e-12	1e-12	1.46e-08	1e-12	1e-12	5.77e-08
*10*19	1e-12	1e-12	1e-12	1e-12	1e-12	1e-12	1e-12	1e-12	1.6e-08
*10*20	1e-12	1e-12	1e-12	1e-12	1e-12	1e-12	1e-12	1e-12	1.6e-08
*10*21	1e-12	1e-12	1e-12	1e-12	1e-12	1e-12	1e-12	1e-12	1.27e-08
*10*22	1.1e-08	1e-12	1e-12	1e-12	1.4e-08	1e-12	1e-12	1e-12	3.1e-08
*10*23	1e-12	1e-12	1e-12	1e-10	1e-10	1e-12	1e-12	1e-12	1e-12
*10*24	1e-12	1e-12	1e-12	1e-12	1e-12	1e-12	1e-12	1e-12	1e-12
*10*25	1e-12	1e-12	1e-12	1e-12	1e-12	1e-12	1e-12	1e-12	1e-12
*10*26	1e-12	1e-12	1e-12	1e-12	1e-12	1e-12	1e-12	1e-12	1e-12
*10*27	1e-12	1e-12	1e-12	2e-10	1e-12	1e-12	1e-12	1e-12	6e-09
*10*28	1e-12	1e-12	1e-12	1e-12	1e-12	1e-12	1e-12	1e-12	6e-09
*10*31	1e-12	1e-12	1e-12	1e-12	1e-12	1e-12	1e-12	1e-12	1e-12
*10*32	1e-12	1e-12	1e-12	1e-12	1e-12	1e-12	1e-12	1e-12	1e-12
*10*33	1e-12	1e-12	1e-12	1e-12	1e-12	1e-12	1e-12	1e-12	1e-12
*10*34	1e-12	1e-12	1e-12	1e-12	1e-12	1e-12	1e-12	1e-12	1e-12
*10*35	1e-12	1e-12	1e-12	1e-12	1e-12	1e-12	1e-12	1e-12	1e-12
*10*36	1e-12	1e-12	1e-12	1e-12	1e-12	1e-12	1e-12	1e-12	1e-12
*10*37	1e-12	1e-12	1e-12	1e-12	1e-12	1e-12	1e-12	1e-12	1e-12
*10*38	1e-12	1e-12	1e-12	1e-12	1e-12	1e-12	1e-12	1e-12	1e-12
*11*1	0.00103375	1e-12	0.0013387000000000002	6.497e-07	0.0014721	0.00084558	4.76e-07	3.4000000000000003e-07	0.02231223
*11*2	7.75e-05	1e-12	9.020000000000001e-05	4.58e-08	0.0001476	7.479999999999999e-05	3.9e-08	1e-12	0.0021979
*11*3	5.75e-06	1e-12	5.28e-06	1e-12	6.3e-06	3.06e-06	1e-12	1e-12	7.09e-08
*11*4	2.5750000000000002e-05	1e-12	0.00021780000000000004	8.42e-08	0.0001227	0.00018054	1.0399999999999999e-07	1e-12	7.09e-08
*11*5	0.00015525	1e-12	2.2e-09	1.1e-08	0.0003465	6.477e-05	2.4e-08	2e-08	0.0014180000000000002
*11*6	0.0007925	1e-12	0.000407	1.7449999999999998e-07	0.0006990000000000001	0.00035972	2.31e-07	6.2e-07	0.026580410000000002
*11*7	2.5e-09	1e-12	2.2e-09	1e-12	7.439999999999999e-05	1.36e-05	2.4e-08	1e-08	0.0011344
*11*8	2.5e-09	1e-12	2.2e-09	1e-12	3e-09	1.7e-09	1e-12	1e-12	7.09e-08
*11*9	0.00011625	1e-12	0.0001298	3.44e-08	4.41e-05	0.00012359	1.0199999999999999e-07	1e-08	7.09e-08
*11*10	2.5e-09	1e-12	2.2e-09	1e-12	3e-09	1.7e-09	1e-12	1e-12	7.09e-08
*11*11	6.25e-06	1e-12	4.84e-06	1e-12	9e-06	2.89e-06	1e-12	1e-12	0.0050268100000000005
*11*12	2.5e-09	1e-12	2.2e-09	1e-12	3.0000000000000004e-07	8.5e-07	1e-12	1e-12	7.09e-08
*11*13	2.5e-09	1e-12	2.2e-09	1e-12	3e-09	1.7e-09	1e-12	1e-12	7.09e-08
*11*14	2.5e-09	1e-12	5.940000000000001e-06	1e-12	1.5300000000000003e-05	2.89e-06	1e-12	1e-12	7.09e-08
*11*15	2.5e-09	1e-12	2.2e-07	1e-12	2.0700000000000002e-05	2.72e-06	1e-12	1e-12	0.0010280500000000002
*11*17	0.00017749999999999998	1e-12	2.2e-09	1e-12	3e-09	1.7e-09	1e-12	1e-12	0.0008933400000000001
*11*18	8.25e-05	1e-12	2.2e-09	1e-12	3e-09	2.482e-05	1e-12	1e-12	0.0040909300000000004
*11*19	2.5e-09	1e-12	2.2e-09	1e-12	3e-09	1.7e-09	1e-12	1e-12	0.0011344
*11*20	2.5e-09	1e-12	2.2e-09	1e-12	3e-09	1.7e-09	1e-12	1e-12	0.0011344
*11*21	2.5e-09	1e-12	2.2e-09	1e-12	3e-09	1.7e-09	1e-12	1e-12	0.00090043
*11*22	2.7499999999999998e-05	1e-12	2.2e-09	1e-12	4.2000000000000004e-05	1.7e-09	1e-12	1e-12	0.0021979
*11*23	2.5e-09	1e-12	2.2e-09	1e-10	3.0000000000000004e-07	1.7e-09	1e-12	1e-12	7.09e-08
*11*24	2.5e-09	1e-12	2.2e-09	1e-12	3e-09	1.7e-09	1e-12	1e-12	7.09e-08
*11*25	2.5e-09	1e-12	2.2e-09	1e-12	3e-09	1.7e-09	1e-12	1e-12	7.09e-08
*11*26	2.5e-09	1e-12	2.2e-09	1e-12	3e-09	1.7e-09	1e-12	1e-12	7.09e-08
*11*27	2.5e-09	1e-12	2.2e-09	2e-10	3e-09	1.7e-09	1e-12	1e-12	0.00042540000000000004
*11*28	2.5e-09	1e-12	2.2e-09	1e-12	3e-09	1.7e-09	1e-12	1e-12	0.00042540000000000004
*11*31	2.5e-09	1e-12	2.2e-09	1e-12	3e-09	1.7e-09	1e-12	1e-12	7.09e-08
*11*32	2.5e-09	1e-12	2.2e-09	1e-12	3e-09	1.7e-09	1e-12	1e-12	7.09e-08
*11*33	2.5e-09	1e-12	2.2e-09	1e-12	3e-09	1.7e-09	1e-12	1e-12	7.09e-08
*11*34	2.5e-09	1e-12	2.2e-09	1e-12	3e-09	1.7e-09	1e-12	1e-12	7.09e-08
*11*35	2.5e-09	1e-12	2.2e-09	1e-12	3e-09	1.7e-09	1e-12	1e-12	7.09e-08
*11*36	2.5e-09	1e-12	2.2e-09	1e-12	3e-09	1.7e-09	1e-12	1e-12	7.09e-08
*11*37	2.5e-09	1e-12	2.2e-09	1e-12	3e-09	1.7e-09	1e-12	1e-12	7.09e-08
*11*38	2.5e-09	1e-12	2.2e-09	1e-12	3e-09	1.7e-09	1e-12	1e-12	7.09e-08
*12*1	4.1349999999999994e-07	1e-12	6.085e-07	6.497e-07	4.907e-05	0.00024870000000000003	4.76e-07	3.4000000000000003e-07	3.147e-07
*12*2	3.1e-08	1e-12	4.1e-08	4.58e-08	4.92e-06	2.2e-05	3.9e-08	1e-12	3.1e-08
*12*3	2.3e-09	1e-12	2.3999999999999996e-09	1e-12	2.1e-07	9e-07	1e-12	1e-12	1e-12
*12*4	1.03e-08	1e-12	9.9e-08	8.42e-08	4.09e-06	5.31e-05	1.0399999999999999e-07	1e-12	1e-12
*12*5	6.21e-08	1e-12	1e-12	1.1e-08	1.1550000000000001e-05	1.9050000000000002e-05	2.4e-08	2e-08	2e-08
*12*6	3.17e-07	1e-12	1.85e-07	1.7449999999999998e-07	2.3300000000000004e-05	0.00010580000000000001	2.31e-07	6.2e-07	3.749e-07
*12*7	1e-12	1e-12	1e-12	1e-12	2.48e-06	4e-06	2.4e-08	1e-08	1.6e-08
*12*8	1e-12	1e-12	1e-12	1e-12	1e-10	5e-10	1e-12	1e-12	1e-12
*12*9	4.65e-08	1e-12	5.899999999999999e-08	3.44e-08	1.4700000000000001e-06	3.635e-05	1.0199999999999999e-07	1e-08	1e-12
*12*10	1e-12	1e-12	1e-12	1e-12	1e-10	5e-10	1e-12	1e-12	1e-12
*12*11	2.5e-09	1e-12	2.2e-09	1e-12	3.0000000000000004e-07	8.5e-07	1e-12	1e-12	7.09e-08
*12*12	1e-12	1e-12	1e-12	1e-12	1e-08	2.5e-07	1e-12	1e-12	1e-12
*12*13	1e-12	1e-12	1e-12	1e-12	1e-10	5e-10	1e-12	1e-12	1e-12
*12*14	1e-12	1e-12	2.7e-09	1e-12	5.100000000000001e-07	8.5e-07	1e-12	1e-12	1e-12
*12*15	1e-12	1e-12	1e-10	1e-12	6.900000000000001e-07	8.000000000000001e-07	1e-12	1e-12	1.45e-08
*12*17	7.099999999999999e-08	1e-12	1e-12	1e-12	1e-10	5e-10	1e-12	1e-12	1.26e-08
*12*18	3.3e-08	1e-12	1e-12	1e-12	1e-10	7.3e-06	1e-12	1e-12	5.77e-08
*12*19	1e-12	1e-12	1e-12	1e-12	1e-10	5e-10	1e-12	1e-12	1.6e-08
*12*20	1e-12	1e-12	1e-12	1e-12	1e-10	5e-10	1e-12	1e-12	1.6e-08
*12*21	1e-12	1e-12	1e-12	1e-12	1e-10	5e-10	1e-12	1e-12	1.27e-08
*12*22	1.1e-08	1e-12	1e-12	1e-12	1.4000000000000001e-06	5e-10	1e-12	1e-12	3.1e-08
*12*23	1e-12	1e-12	1e-12	1e-10	1e-08	5e-10	1e-12	1e-12	1e-12
*12*24	1e-12	1e-12	1e-12	1e-12	1e-10	5e-10	1e-12	1e-12	1e-12
*12*25	1e-12	1e-12	1e-12	1e-12	1e-10	5e-10	1e-12	1e-12	1e-12
*12*26	1e-12	1e-12	1e-12	1e-12	1e-10	5e-10	1e-12	1e-12	1e-12
*12*27	1e-12	1e-12	1e-12	2e-10	1e-10	5e-10	1e-12	1e-12	6e-09
*12*28	1e-12	1e-12	1e-12	1e-12	1e-10	5e-10	1e-12	1e-12	6e-09
*12*31	1e-12	1e-12	1e-12	1e-12	1e-10	5e-10	1e-12	1e-12	1e-12
*12*32	1e-12	1e-12	1e-12	1e-12	1e-10	5e-10	1e-12	1e-12	1e-12
*12*33	1e-12	1e-12	1e-12	1e-12	1e-10	5e-10	1e-12	1e-12	1e-12
*12*34	1e-12	1e-12	1e-12	1e-12	1e-10	5e-10	1e-12	1e-12	1e-12
*12*35	1e-12	1e-12	1e-12	1e-12	1e-10	5e-10	1e-12	1e-12	1e-12
*12*36	1e-12	1e-12	1e-12	1e-12	1e-10	5e-10	1e-12	1e-12	1e-12
*12*37	1e-12	1e-12	1e-12	1e-12	1e-10	5e-10	1e-12	1e-12	1e-12
*12*38	1e-12	1e-12	1e-12	1e-12	1e-10	5e-10	1e-12	1e-12	1e-12
*13*1	4.1349999999999994e-07	1e-12	6.085e-07	6.497e-07	4.907e-07	4.974e-07	4.76e-07	3.4000000000000003e-07	3.147e-07
*13*2	3.1e-08	1e-12	4.1e-08	4.58e-08	4.92e-08	4.4e-08	3.9e-08	1e-12	3.1e-08
*13*3	2.3e-09	1e-12	2.3999999999999996e-09	1e-12	2.0999999999999998e-09	1.7999999999999998e-09	1e-12	1e-12	1e-12
*13*4	1.03e-08	1e-12	9.9e-08	8.42e-08	4.0899999999999996e-08	1.062e-07	1.0399999999999999e-07	1e-12	1e-12
*13*5	6.21e-08	1e-12	1e-12	1.1e-08	1.155e-07	3.81e-08	2.4e-08	2e-08	2e-08
*13*6	3.17e-07	1e-12	1.85e-07	1.7449999999999998e-07	2.33e-07	2.116e-07	2.31e-07	6.2e-07	3.749e-07
*13*7	1e-12	1e-12	1e-12	1e-12	2.4799999999999997e-08	8e-09	2.4e-08	1e-08	1.6e-08
*13*8	1e-12	1e-12	1e-12	1e-12	1e-12	1e-12	1e-12	1e-12	1e-12
*13*9	4.65e-08	1e-12	5.899999999999999e-08	3.44e-08	1.47e-08	7.27e-08	1.0199999999999999e-07	1e-08	1e-12
*13*10	1e-12	1e-12	1e-12	1e-12	1e-12	1e-12	1e-12	1e-12	1e-12
*13*11	2.5e-09	1e-12	2.2e-09	1e-12	3e-09	1.7e-09	1e-12	1e-12	7.09e-08
*13*12	1e-12	1e-12	1e-12	1e-12	1e-10	5e-10	1e-12	1e-12	1e-12
*13*13	1e-12	1e-12	1e-12	1e-12	1e-12	1e-12	1e-12	1e-12	1e-12
*13*14	1e-12	1e-12	2.7e-09	1e-12	5.1e-09	1.7e-09	1e-12	1e-12	1e-12
*13*15	1e-12	1e-12	1e-10	1e-12	6.9e-09	1.6e-09	1e-12	1e-12	1.45e-08
*13*17	7.099999999999999e-08	1e-12	1e-12	1e-12	1e-12	1e-12	1e-12	1e-12	1.26e-08
*13*18	3.3e-08	1e-12	1e-12	1e-12	1e-12	1.46e-08	1e-12	1e-12	5.77e-08
*13*19	1e-12	1e-12	1e-12	1e-12	1e-12	1e-12	1e-12	1e-12	1.6e-08
*13*20	1e-12	1e-12	1e-12	1e-12	1e-12	1e-12	1e-12	1e-12	1.6e-08
*13*21	1e-12	1e-12	1e-12	1e-12	1e-12	1e-12	1e-12	1e-12	1.27e-08
*13*22	1.1e-08	1e-12	1e-12	1e-12	1.4e-08	1e-12	1e-12	1e-12	3.1e-08
*13*23	1e-12	1e-12	1e-12	1e-10	1e-10	1e-12	1e-12	1e-12	1e-12
*13*24	1e-12	1e-12	1e-12	1e-12	1e-12	1e-12	1e-12	1e-12	1e-12
*13*25	1e-12	1e-12	1e-12	1e-12	1e-12	1e-12	1e-12	1e-12	1e-12
*13*26	1e-12	1e-12	1e-12	1e-12	1e-12	1e-12	1e-12	1e-12	1e-12
*13*27	1e-12	1e-12	1e-12	2e-10	1e-12	1e-12	1e-12	1e-12	6e-09
*13*28	1e-12	1e-12	1e-12	1e-12	1e-12	1e-12	1e-12	1e-12	6e-09
*13*31	1e-12	1e-12	1e-12	1e-12	1e-12	1e-12	1e-12	1e-12	1e-12
*13*32	1e-12	1e-12	1e-12	1e-12	1e-12	1e-12	1e-12	1e-12	1e-12
*13*33	1e-12	1e-12	1e-12	1e-12	1e-12	1e-12	1e-12	1e-12	1e-12
*13*34	1e-12	1e-12	1e-12	1e-12	1e-12	1e-12	1e-12	1e-12	1e-12
*13*35	1e-12	1e-12	1e-12	1e-12	1e-12	1e-12	1e-12	1e-12	1e-12
*13*36	1e-12	1e-12	1e-12	1e-12	1e-12	1e-12	1e-12	1e-12	1e-12
*13*37	1e-12	1e-12	1e-12	1e-12	1e-12	1e-12	1e-12	1e-12	1e-12
*13*38	1e-12	1e-12	1e-12	1e-12	1e-12	1e-12	1e-12	1e-12	1e-12
*14*1	4.1349999999999994e-07	1e-12	0.0016429500000000002	6.497e-07	0.0025025700000000004	0.00084558	4.76e-07	3.4000000000000003e-07	3.147e-07
*14*2	3.1e-08	1e-12	0.00011070000000000001	4.58e-08	0.00025092	7.479999999999999e-05	3.9e-08	1e-12	3.1e-08
*14*3	2.3e-09	1e-12	6.48e-06	1e-12	1.071e-05	3.06e-06	1e-12	1e-12	1e-12
*14*4	1.03e-08	1e-12	0.00026730000000000005	8.42e-08	0.00020859	0.00018054	1.0399999999999999e-07	1e-12	1e-12
*14*5	6.21e-08	1e-12	2.7e-09	1.1e-08	0.00058905	6.477e-05	2.4e-08	2e-08	2e-08
*14*6	3.17e-07	1e-12	0.0004995	1.7449999999999998e-07	0.0011883000000000002	0.00035972	2.31e-07	6.2e-07	3.749e-07
*14*7	1e-12	1e-12	2.7e-09	1e-12	0.00012648	1.36e-05	2.4e-08	1e-08	1.6e-08
*14*8	1e-12	1e-12	2.7e-09	1e-12	5.1e-09	1.7e-09	1e-12	1e-12	1e-12
*14*9	4.65e-08	1e-12	0.0001593	3.44e-08	7.497000000000001e-05	0.00012359	1.0199999999999999e-07	1e-08	1e-12
*14*10	1e-12	1e-12	2.7e-09	1e-12	5.1e-09	1.7e-09	1e-12	1e-12	1e-12
*14*11	2.5e-09	1e-12	5.940000000000001e-06	1e-12	1.5300000000000003e-05	2.89e-06	1e-12	1e-12	7.09e-08
*14*12	1e-12	1e-12	2.7e-09	1e-12	5.100000000000001e-07	8.5e-07	1e-12	1e-12	1e-12
*14*13	1e-12	1e-12	2.7e-09	1e-12	5.1e-09	1.7e-09	1e-12	1e-12	1e-12
*14*14	1e-12	1e-12	7.2900000000000005e-06	1e-12	2.6010000000000003e-05	2.89e-06	1e-12	1e-12	1e-12
*14*15	1e-12	1e-12	2.7e-07	1e-12	3.519e-05	2.72e-06	1e-12	1e-12	1.45e-08
*14*17	7.099999999999999e-08	1e-12	2.7e-09	1e-12	5.1e-09	1.7e-09	1e-12	1e-12	1.26e-08
*14*18	3.3e-08	1e-12	2.7e-09	1e-12	5.1e-09	2.482e-05	1e-12	1e-12	5.77e-08
*14*19	1e-12	1e-12	2.7e-09	1e-12	5.1e-09	1.7e-09	1e-12	1e-12	1.6e-08
*14*20	1e-12	1e-12	2.7e-09	1e-12	5.1e-09	1.7e-09	1e-12	1e-12	1.6e-08
*14*21	1e-12	1e-12	2.7e-09	1e-12	5.1e-09	1.7e-09	1e-12	1e-12	1.27e-08
*14*22	1.1e-08	1e-12	2.7e-09	1e-12	7.14e-05	1.7e-09	1e-12	1e-12	3.1e-08
*14*23	1e-12	1e-12	2.7e-09	1e-10	5.100000000000001e-07	1.7e-09	1e-12	1e-12	1e-12
*14*24	1e-12	1e-12	2.7e-09	1e-12	5.1e-09	1.7e-09	1e-12	1e-12	1e-12
*14*25	1e-12	1e-12	2.7e-09	1e-12	5.1e-09	1.7e-09	1e-12	1e-12	1e-12
*14*26	1e-12	1e-12	2.7e-09	1e-12	5.1e-09	1.7e-09	1e-12	1e-12	1e-12
*14*27	1e-12	1e-12	2.7e-09	2e-10	5.1e-09	1.7e-09	1e-12	1e-12	6e-09
*14*28	1e-12	1e-12	2.7e-09	1e-12	5.1e-09	1.7e-09	1e-12	1e-12	6e-09
*14*31	1e-12	1e-12	2.7e-09	1e-12	5.1e-09	1.7e-09	1e-12	1e-12	1e-12
*14*32	1e-12	1e-12	2.7e-09	1e-12	5.1e-09	1.7e-09	1e-12	1e-12	1e-12
*14*33	1e-12	1e-12	2.7e-09	1e-12	5.1e-09	1.7e-09	1e-12	1e-12	1e-12
*14*34	1e-12	1e-12	2.7e-09	1e-12	5.1e-09	1.7e-09	1e-12	1e-12	1e-12
*14*35	1e-12	1e-12	2.7e-09	1e-12	5.1e-09	1.7e-09	1e-12	1e-12	1e-12
*14*36	1e-12	1e-12	2.7e-09	1e-12	5.1e-09	1.7e-09	1e-12	1e-12	1e-12
*14*37	1e-12	1e-12	2.7e-09	1e-12	5.1e-09	1.7e-09	1e-12	1e-12	1e-12
*14*38	1e-12	1e-12	2.7e-09	1e-12	5.1e-09	1.7e-09	1e-12	1e-12	1e-12
*15*1	4.1349999999999994e-07	1e-12	6.085000000000001e-05	6.497e-07	0.0033858300000000003	0.00079584	4.76e-07	3.4000000000000003e-07	0.00456315
*15*2	3.1e-08	1e-12	4.1000000000000006e-06	4.58e-08	0.00033948	7.04e-05	3.9e-08	1e-12	0.00044950000000000003
*15*3	2.3e-09	1e-12	2.4e-07	1e-12	1.4489999999999998e-05	2.88e-06	1e-12	1e-12	1.45e-08
*15*4	1.03e-08	1e-12	9.900000000000002e-06	8.42e-08	0.00028220999999999997	0.00016992	1.0399999999999999e-07	1e-12	1.45e-08
*15*5	6.21e-08	1e-12	1e-10	1.1e-08	0.00079695	6.0960000000000006e-05	2.4e-08	2e-08	0.00029
*15*6	3.17e-07	1e-12	1.85e-05	1.7449999999999998e-07	0.0016077	0.00033856	2.31e-07	6.2e-07	0.00543605
*15*7	1e-12	1e-12	1e-10	1e-12	0.00017112	1.2800000000000001e-05	2.4e-08	1e-08	0.00023200000000000003
*15*8	1e-12	1e-12	1e-10	1e-12	6.9e-09	1.6e-09	1e-12	1e-12	1.45e-08
*15*9	4.65e-08	1e-12	5.9e-06	3.44e-08	0.00010143	0.00011632000000000001	1.0199999999999999e-07	1e-08	1.45e-08
*15*10	1e-12	1e-12	1e-10	1e-12	6.9e-09	1.6e-09	1e-12	1e-12	1.45e-08
*15*11	2.5e-09	1e-12	2.2e-07	1e-12	2.0700000000000002e-05	2.72e-06	1e-12	1e-12	0.0010280500000000002
*15*12	1e-12	1e-12	1e-10	1e-12	6.900000000000001e-07	8.000000000000001e-07	1e-12	1e-12	1.45e-08
*15*13	1e-12	1e-12	1e-10	1e-12	6.9e-09	1.6e-09	1e-12	1e-12	1.45e-08
*15*14	1e-12	1e-12	2.7e-07	1e-12	3.519e-05	2.72e-06	1e-12	1e-12	1.45e-08
*15*15	1e-12	1e-12	1e-08	1e-12	4.761e-05	2.56e-06	1e-12	1e-12	0.00021025000000000001
*15*17	7.099999999999999e-08	1e-12	1e-10	1e-12	6.9e-09	1.6e-09	1e-12	1e-12	0.00018270000000000002
*15*18	3.3e-08	1e-12	1e-10	1e-12	6.9e-09	2.336e-05	1e-12	1e-12	0.0008366500000000001
*15*19	1e-12	1e-12	1e-10	1e-12	6.9e-09	1.6e-09	1e-12	1e-12	0.00023200000000000003
*15*20	1e-12	1e-12	1e-10	1e-12	6.9e-09	1.6e-09	1e-12	1e-12	0.00023200000000000003
*15*21	1e-12	1e-12	1e-10	1e-12	6.9e-09	1.6e-09	1e-12	1e-12	0.00018415
*15*22	1.1e-08	1e-12	1e-10	1e-12	9.66e-05	1.6e-09	1e-12	1e-12	0.00044950000000000003
*15*23	1e-12	1e-12	1e-10	1e-10	6.900000000000001e-07	1.6e-09	1e-12	1e-12	1.45e-08
*15*24	1e-12	1e-12	1e-10	1e-12	6.9e-09	1.6e-09	1e-12	1e-12	1.45e-08
*15*25	1e-12	1e-12	1e-10	1e-12	6.9e-09	1.6e-09	1e-12	1e-12	1.45e-08
*15*26	1e-12	1e-12	1e-10	1e-12	6.9e-09	1.6e-09	1e-12	1e-12	1.45e-08
*15*27	1e-12	1e-12	1e-10	2e-10	6.9e-09	1.6e-09	1e-12	1e-12	8.7e-05
*15*28	1e-12	1e-12	1e-10	1e-12	6.9e-09	1.6e-09	1e-12	1e-12	8.7e-05
*15*31	1e-12	1e-12	1e-10	1e-12	6.9e-09	1.6e-09	1e-12	1e-12	1.45e-08
*15*32	1e-12	1e-12	1e-10	1e-12	6.9e-09	1.6e-09	1e-12	1e-12	1.45e-08
*15*33	1e-12	1e-12	1e-10	1e-12	6.9e-09	1.6e-09	1e-12	1e-12	1.45e-08
*15*34	1e-12	1e-12	1e-10	1e-12	6.9e-09	1.6e-09	1e-12	1e-12	1.45e-08
*15*35	1e-12	1e-12	1e-10	1e-12	6.9e-09	1.6e-09	1e-12	1e-12	1.45e-08
*15*36	1e-12	1e-12	1e-10	1e-12	6.9e-09	1.6e-09	1e-12	1e-12	1.45e-08
*15*37	1e-12	1e-12	1e-10	1e-12	6.9e-09	1.6e-09	1e-12	1e-12	1.45e-08
*15*38	1e-12	1e-12	1e-10	1e-12	6.9e-09	1.6e-09	1e-12	1e-12	1.45e-08
*17*1	0.029358499999999996	1e-12	6.085e-07	6.497e-07	4.907e-07	4.974e-07	4.76e-07	3.4000000000000003e-07	0.00396522
*17*2	0.002201	1e-12	4.1e-08	4.58e-08	4.92e-08	4.4e-08	3.9e-08	1e-12	0.0003906
*17*3	0.00016329999999999998	1e-12	2.3999999999999996e-09	1e-12	2.0999999999999998e-09	1.7999999999999998e-09	1e-12	1e-12	1.26e-08
*17*4	0.0007312999999999999	1e-12	9.9e-08	8.42e-08	4.0899999999999996e-08	1.062e-07	1.0399999999999999e-07	1e-12	1.26e-08
*17*5	0.0044091	1e-12	1e-12	1.1e-08	1.155e-07	3.81e-08	2.4e-08	2e-08	0.000252
*17*6	0.022507	1e-12	1.85e-07	1.7449999999999998e-07	2.33e-07	2.116e-07	2.31e-07	6.2e-07	0.004723740000000001
*17*7	7.099999999999999e-08	1e-12	1e-12	1e-12	2.4799999999999997e-08	8e-09	2.4e-08	1e-08	0.0002016
*17*8	7.099999999999999e-08	1e-12	1e-12	1e-12	1e-12	1e-12	1e-12	1e-12	1.26e-08
*17*9	0.0033014999999999997	1e-12	5.899999999999999e-08	3.44e-08	1.47e-08	7.27e-08	1.0199999999999999e-07	1e-08	1.26e-08
*17*10	7.099999999999999e-08	1e-12	1e-12	1e-12	1e-12	1e-12	1e-12	1e-12	1.26e-08
*17*11	0.00017749999999999998	1e-12	2.2e-09	1e-12	3e-09	1.7e-09	1e-12	1e-12	0.0008933400000000001
*17*12	7.099999999999999e-08	1e-12	1e-12	1e-12	1e-10	5e-10	1e-12	1e-12	1.26e-08
*17*13	7.099999999999999e-08	1e-12	1e-12	1e-12	1e-12	1e-12	1e-12	1e-12	1.26e-08
*17*14	7.099999999999999e-08	1e-12	2.7e-09	1e-12	5.1e-09	1.7e-09	1e-12	1e-12	1.26e-08
*17*15	7.099999999999999e-08	1e-12	1e-10	1e-12	6.9e-09	1.6e-09	1e-12	1e-12	0.00018270000000000002
*17*17	0.0050409999999999995	1e-12	1e-12	1e-12	1e-12	1e-12	1e-12	1e-12	0.00015876
*17*18	0.002343	1e-12	1e-12	1e-12	1e-12	1.46e-08	1e-12	1e-12	0.00072702
*17*19	7.099999999999999e-08	1e-12	1e-12	1e-12	1e-12	1e-12	1e-12	1e-12	0.0002016
*17*20	7.099999999999999e-08	1e-12	1e-12	1e-12	1e-12	1e-12	1e-12	1e-12	0.0002016
*17*21	7.099999999999999e-08	1e-12	1e-12	1e-12	1e-12	1e-12	1e-12	1e-12	0.00016002
*17*22	0.0007809999999999999	1e-12	1e-12	1e-12	1.4e-08	1e-12	1e-12	1e-12	0.0003906
*17*23	7.099999999999999e-08	1e-12	1e-12	1e-10	1e-10	1e-12	1e-12	1e-12	1.26e-08
*17*24	7.099999999999999e-08	1e-12	1e-12	1e-12	1e-12	1e-12	1e-12	1e-12	1.26e-08
*17*25	7.099999999999999e-08	1e-12	1e-12	1e-12	1e-12	1e-12	1e-12	1e-12	1.26e-08
*17*26	7.099999999999999e-08	1e-12	1e-12	1e-12	1e-12	1e-12	1e-12	1e-12	1.26e-08
*17*27	7.099999999999999e-08	1e-12	1e-12	2e-10	1e-12	1e-12	1e-12	1e-12	7.560000000000001e-05
*17*28	7.099999999999999e-08	1e-12	1e-12	1e-12	1e-12	1e-12	1e-12	1e-12	7.560000000000001e-05
*17*31	7.099999999999999e-08	1e-12	1e-12	1e-12	1e-12	1e-12	1e-12	1e-12	1.26e-08
*17*32	7.099999999999999e-08	1e-12	1e-12	1e-12	1e-12	1e-12	1e-12	1e-12	1.26e-08
*17*33	7.099999999999999e-08	1e-12	1e-12	1e-12	1e-12	1e-12	1e-12	1e-12	1.26e-08
*17*34	7.099999999999999e-08	1e-12	1e-12	1e-12	1e-12	1e-12	1e-12	1e-12	1.26e-08
*17*35	7.099999999999999e-08	1e-12	1e-12	1e-12	1e-12	1e-12	1e-12	1e-12	1.26e-08
*17*36	7.099999999999999e-08	1e-12	1e-12	1e-12	1e-12	1e-12	1e-12	1e-12	1.26e-08
*17*37	7.099999999999999e-08	1e-12	1e-12	1e-12	1e-12	1e-12	1e-12	1e-12	1.26e-08
*17*38	7.099999999999999e-08	1e-12	1e-12	1e-12	1e-12	1e-12	1e-12	1e-12	1.26e-08
*18*1	0.0136455	1e-12	6.085e-07	6.497e-07	4.907e-07	0.00726204	4.76e-07	3.4000000000000003e-07	0.018158189999999998
*18*2	0.001023	1e-12	4.1e-08	4.58e-08	4.92e-08	0.0006424	3.9e-08	1e-12	0.0017887
*18*3	7.59e-05	1e-12	2.3999999999999996e-09	1e-12	2.0999999999999998e-09	2.628e-05	1e-12	1e-12	5.77e-08
*18*4	0.0003399	1e-12	9.9e-08	8.42e-08	4.0899999999999996e-08	0.0015505200000000001	1.0399999999999999e-07	1e-12	5.77e-08
*18*5	0.0020493	1e-12	1e-12	1.1e-08	1.155e-07	0.00055626	2.4e-08	2e-08	0.001154
*18*6	0.010461	1e-12	1.85e-07	1.7449999999999998e-07	2.33e-07	0.00308936	2.31e-07	6.2e-07	0.021631730000000002
*18*7	3.3e-08	1e-12	1e-12	1e-12	2.4799999999999997e-08	0.0001168	2.4e-08	1e-08	0.0009232
*18*8	3.3e-08	1e-12	1e-12	1e-12	1e-12	1.46e-08	1e-12	1e-12	5.77e-08
*18*9	0.0015345	1e-12	5.899999999999999e-08	3.44e-08	1.47e-08	0.00106142	1.0199999999999999e-07	1e-08	5.77e-08
*18*10	3.3e-08	1e-12	1e-12	1e-12	1e-12	1.46e-08	1e-12	1e-12	5.77e-08
*18*11	8.25e-05	1e-12	2.2e-09	1e-12	3e-09	2.482e-05	1e-12	1e-12	0.0040909300000000004
*18*12	3.3e-08	1e-12	1e-12	1e-12	1e-10	7.3e-06	1e-12	1e-12	5.77e-08
*18*13	3.3e-08	1e-12	1e-12	1e-12	1e-12	1.46e-08	1e-12	1e-12	5.77e-08
*18*14	3.3e-08	1e-12	2.7e-09	1e-12	5.1e-09	2.482e-05	1e-12	1e-12	5.77e-08
*18*15	3.3e-08	1e-12	1e-10	1e-12	6.9e-09	2.336e-05	1e-12	1e-12	0.0008366500000000001
*18*17	0.002343	1e-12	1e-12	1e-12	1e-12	1.46e-08	1e-12	1e-12	0.00072702
*18*18	0.0010890000000000001	1e-12	1e-12	1e-12	1e-12	0.00021316	1e-12	1e-12	0.00332929
*18*19	3.3e-08	1e-12	1e-12	1e-12	1e-12	1.46e-08	1e-12	1e-12	0.0009232
*18*20	3.3e-08	1e-12	1e-12	1e-12	1e-12	1.46e-08	1e-12	1e-12	0.0009232
*18*21	3.3e-08	1e-12	1e-12	1e-12	1e-12	1.46e-08	1e-12	1e-12	0.00073279
*18*22	0.000363	1e-12	1e-12	1e-12	1.4e-08	1.46e-08	1e-12	1e-12	0.0017887
*18*23	3.3e-08	1e-12	1e-12	1e-10	1e-10	1.46e-08	1e-12	1e-12	5.77e-08
*18*24	3.3e-08	1e-12	1e-12	1e-12	1e-12	1.46e-08	1e-12	1e-12	5.77e-08
*18*25	3.3e-08	1e-12	1e-12	1e-12	1e-12	1.46e-08	1e-12	1e-12	5.77e-08
*18*26	3.3e-08	1e-12	1e-12	1e-12	1e-12	1.46e-08	1e-12	1e-12	5.77e-08
*18*27	3.3e-08	1e-12	1e-12	2e-10	1e-12	1.46e-08	1e-12	1e-12	0.0003462
*18*28	3.3e-08	1e-12	1e-12	1e-12	1e-12	1.46e-08	1e-12	1e-12	0.0003462
*18*31	3.3e-08	1e-12	1e-12	1e-12	1e-12	1.46e-08	1e-12	1e-12	5.77e-08
*18*32	3.3e-08	1e-12	1e-12	1e-12	1e-12	1.46e-08	1e-12	1e-12	5.77e-08
*18*33	3.3e-08	1e-12	1e-12	1e-12	1e-12	1.46e-08	1e-12	1e-12	5.77e-08
*18*34	3.3e-08	1e-12	1e-12	1e-12	1e-12	1.46e-08	1e-12	1e-12	5.77e-08
*18*35	3.3e-08	1e-12	1e-12	1e-12	1e-12	1.46e-08	1e-12	1e-12	5.77e-08
*18*36	3.3e-08	1e-12	1e-12	1e-12	1e-12	1.46e-08	1e-12	1e-12	5.77e-08
*18*37	3.3e-08	1e-12	1e-12	1e-12	1e-12	1.46e-08	1e-12	1e-12	5.77e-08
*18*38	3.3e-08	1e-12	1e-12	1e-12	1e-12	1.46e-08	1e-12	1e-12	5.77e-08
*19*1	4.1349999999999994e-07	1e-12	6.085e-07	6.497e-07	4.907e-07	4.974e-07	4.76e-07	3.4000000000000003e-07	0.0050352
*19*2	3.1e-08	1e-12	4.1e-08	4.58e-08	4.92e-08	4.4e-08	3.9e-08	1e-12	0.000496
*19*3	2.3e-09	1e-12	2.3999999999999996e-09	1e-12	2.0999999999999998e-09	1.7999999999999998e-09	1e-12	1e-12	1.6e-08
*19*4	1.03e-08	1e-12	9.9e-08	8.42e-08	4.0899999999999996e-08	1.062e-07	1.0399999999999999e-07	1e-12	1.6e-08
*19*5	6.21e-08	1e-12	1e-12	1.1e-08	1.155e-07	3.81e-08	2.4e-08	2e-08	0.00032
*19*6	3.17e-07	1e-12	1.85e-07	1.7449999999999998e-07	2.33e-07	2.116e-07	2.31e-07	6.2e-07	0.0059984
*19*7	1e-12	1e-12	1e-12	1e-12	2.4799999999999997e-08	8e-09	2.4e-08	1e-08	0.000256
*19*8	1e-12	1e-12	1e-12	1e-12	1e-12	1e-12	1e-12	1e-12	1.6e-08
*19*9	4.65e-08	1e-12	5.899999999999999e-08	3.44e-08	1.47e-08	7.27e-08	1.0199999999999999e-07	1e-08	1.6e-08
*19*10	1e-12	1e-12	1e-12	1e-12	1e-12	1e-12	1e-12	1e-12	1.6e-08
*19*11	2.5e-09	1e-12	2.2e-09	1e-12	3e-09	1.7e-09	1e-12	1e-12	0.0011344
*19*12	1e-12	1e-12	1e-12	1e-12	1e-10	5e-10	1e-12	1e-12	1.6e-08
*19*13	1e-12	1e-12	1e-12	1e-12	1e-12	1e-12	1e-12	1e-12	1.6e-08
*19*14	1e-12	1e-12	2.7e-09	1e-12	5.1e-09	1.7e-09	1e-12	1e-12	1.6e-08
*19*15	1e-12	1e-12	1e-10	1e-12	6.9e-09	1.6e-09	1e-12	1e-12	0.00023200000000000003
*19*17	7.099999999999999e-08	1e-12	1e-12	1e-12	1e-12	1e-12	1e-12	1e-12	0.0002016
*19*18	3.3e-08	1e-12	1e-12	1e-12	1e-12	1.46e-08	1e-12	1e-12	0.0009232
*19*19	1e-12	1e-12	1e-12	1e-12	1e-12	1e-12	1e-12	1e-12	0.000256
*19*20	1e-12	1e-12	1e-12	1e-12	1e-12	1e-12	1e-12	1e-12	0.000256
*19*21	1e-12	1e-12	1e-12	1e-12	1e-12	1e-12	1e-12	1e-12	0.0002032
*19*22	1.1e-08	1e-12	1e-12	1e-12	1.4e-08	1e-12	1e-12	1e-12	0.000496
*19*23	1e-12	1e-12	1e-12	1e-10	1e-10	1e-12	1e-12	1e-12	1.6e-08
*19*24	1e-12	1e-12	1e-12	1e-12	1e-12	1e-12	1e-12	1e-12	1.6e-08
*19*25	1e-12	1e-12	1e-12	1e-12	1e-12	1e-12	1e-12	1e-12	1.6e-08
*19*26	1e-12	1e-12	1e-12	1e-12	1e-12	1e-12	1e-12	1e-12	1.6e-08
*19*27	1e-12	1e-12	1e-12	2e-10	1e-12	1e-12	1e-12	1e-12	9.6e-05
*19*28	1e-12	1e-12	1e-12	1e-12	1e-12	1e-12	1e-12	1e-12	9.6e-05
*19*31	1e-12	1e-12	1e-12	1e-12	1e-12	1e-12	1e-12	1e-12	1.6e-08
*19*32	1e-12	1e-12	1e-12	1e-12	1e-12	1e-12	1e-12	1e-12	1.6e-08
*19*33	1e-12	1e-12	1e-12	1e-12	1e-12	1e-12	1e-12	1e-12	1.6e-08
*19*34	1e-12	1e-12	1e-12	1e-12	1e-12	1e-12	1e-12	1e-12	1.6e-08
*19*35	1e-12	1e-12	1e-12	1e-12	1e-12	1e-12	1e-12	1e-12	1.6e-08
*19*36	1e-12	1e-12	1e-12	1e-12	1e-12	1e-12	1e-12	1e-12	1.6e-08
*19*37	1e-12	1e-12	1e-12	1e-12	1e-12	1e-12	1e-12	1e-12	1.6e-08
*19*38	1e-12	1e-12	1e-12	1e-12	1e-12	1e-12	1e-12	1e-12	1.6e-08
*20*1	4.1349999999999994e-07	1e-12	6.085e-07	6.497e-07	4.907e-07	4.974e-07	4.76e-07	3.4000000000000003e-07	0.0050352
*20*2	3.1e-08	1e-12	4.1e-08	4.58e-08	4.92e-08	4.4e-08	3.9e-08	1e-12	0.000496
*20*3	2.3e-09	1e-12	2.3999999999999996e-09	1e-12	2.0999999999999998e-09	1.7999999999999998e-09	1e-12	1e-12	1.6e-08
*20*4	1.03e-08	1e-12	9.9e-08	8.42e-08	4.0899999999999996e-08	1.062e-07	1.0399999999999999e-07	1e-12	1.6e-08
*20*5	6.21e-08	1e-12	1e-12	1.1e-08	1.155e-07	3.81e-08	2.4e-08	2e-08	0.00032
*20*6	3.17e-07	1e-12	1.85e-07	1.7449999999999998e-07	2.33e-07	2.116e-07	2.31e-07	6.2e-07	0.0059984
*20*7	1e-12	1e-12	1e-12	1e-12	2.4799999999999997e-08	8e-09	2.4e-08	1e-08	0.000256
*20*8	1e-12	1e-12	1e-12	1e-12	1e-12	1e-12	1e-12	1e-12	1.6e-08
*20*9	4.65e-08	1e-12	5.899999999999999e-08	3.44e-08	1.47e-08	7.27e-08	1.0199999999999999e-07	1e-08	1.6e-08
*20*10	1e-12	1e-12	1e-12	1e-12	1e-12	1e-12	1e-12	1e-12	1.6e-08
*20*11	2.5e-09	1e-12	2.2e-09	1e-12	3e-09	1.7e-09	1e-12	1e-12	0.0011344
*20*12	1e-12	1e-12	1e-12	1e-12	1e-10	5e-10	1e-12	1e-12	1.6e-08
*20*13	1e-12	1e-12	1e-12	1e-12	1e-12	1e-12	1e-12	1e-12	1.6e-08
*20*14	1e-12	1e-12	2.7e-09	1e-12	5.1e-09	1.7e-09	1e-12	1e-12	1.6e-08
*20*15	1e-12	1e-12	1e-10	1e-12	6.9e-09	1.6e-09	1e-12	1e-12	0.00023200000000000003
*20*17	7.099999999999999e-08	1e-12	1e-12	1e-12	1e-12	1e-12	1e-12	1e-12	0.0002016
*20*18	3.3e-08	1e-12	1e-12	1e-12	1e-12	1.46e-08	1e-12	1e-12	0.0009232
*20*19	1e-12	1e-12	1e-12	1e-12	1e-12	1e-12	1e-12	1e-12	0.000256
*20*20	1e-12	1e-12	1e-12	1e-12	1e-12	1e-12	1e-12	1e-12	0.000256
*20*21	1e-12	1e-12	1e-12	1e-12	1e-12	1e-12	1e-12	1e-12	0.0002032
*20*22	1.1e-08	1e-12	1e-12	1e-12	1.4e-08	1e-12	1e-12	1e-12	0.000496
*20*23	1e-12	1e-12	1e-12	1e-10	1e-10	1e-12	1e-12	1e-12	1.6e-08
*20*24	1e-12	1e-12	1e-12	1e-12	1e-12	1e-12	1e-12	1e-12	1.6e-08
*20*25	1e-12	1e-12	1e-12	1e-12	1e-12	1e-12	1e-12	1e-12	1.6e-08
*20*26	1e-12	1e-12	1e-12	1e-12	1e-12	1e-12	1e-12	1e-12	1.6e-08
*20*27	1e-12	1e-12	1e-12	2e-10	1e-12	1e-12	1e-12	1e-12	9.6e-05
*20*28	1e-12	1e-12	1e-12	1e-12	1e-12	1e-12	1e-12	1e-12	9.6e-05
*20*31	1e-12	1e-12	1e-12	1e-12	1e-12	1e-12	1e-12	1e-12	1.6e-08
*20*32	1e-12	1e-12	1e-12	1e-12	1e-12	1e-12	1e-12	1e-12	1.6e-08
*20*33	1e-12	1e-12	1e-12	1e-12	1e-12	1e-12	1e-12	1e-12	1.6e-08
*20*34	1e-12	1e-12	1e-12	1e-12	1e-12	1e-12	1e-12	1e-12	1.6e-08
*20*35	1e-12	1e-12	1e-12	1e-12	1e-12	1e-12	1e-12	1e-12	1.6e-08
*20*36	1e-12	1e-12	1e-12	1e-12	1e-12	1e-12	1e-12	1e-12	1.6e-08
*20*37	1e-12	1e-12	1e-12	1e-12	1e-12	1e-12	1e-12	1e-12	1.6e-08
*20*38	1e-12	1e-12	1e-12	1e-12	1e-12	1e-12	1e-12	1e-12	1.6e-08
*21*1	4.1349999999999994e-07	1e-12	6.085e-07	6.497e-07	4.907e-07	4.974e-07	4.76e-07	3.4000000000000003e-07	0.00399669
*21*2	3.1e-08	1e-12	4.1e-08	4.58e-08	4.92e-08	4.4e-08	3.9e-08	1e-12	0.0003937
*21*3	2.3e-09	1e-12	2.3999999999999996e-09	1e-12	2.0999999999999998e-09	1.7999999999999998e-09	1e-12	1e-12	1.27e-08
*21*4	1.03e-08	1e-12	9.9e-08	8.42e-08	4.0899999999999996e-08	1.062e-07	1.0399999999999999e-07	1e-12	1.27e-08
*21*5	6.21e-08	1e-12	1e-12	1.1e-08	1.155e-07	3.81e-08	2.4e-08	2e-08	0.000254
*21*6	3.17e-07	1e-12	1.85e-07	1.7449999999999998e-07	2.33e-07	2.116e-07	2.31e-07	6.2e-07	0.00476123
*21*7	1e-12	1e-12	1e-12	1e-12	2.4799999999999997e-08	8e-09	2.4e-08	1e-08	0.0002032
*21*8	1e-12	1e-12	1e-12	1e-12	1e-12	1e-12	1e-12	1e-12	1.27e-08
*21*9	4.65e-08	1e-12	5.899999999999999e-08	3.44e-08	1.47e-08	7.27e-08	1.0199999999999999e-07	1e-08	1.27e-08
*21*10	1e-12	1e-12	1e-12	1e-12	1e-12	1e-12	1e-12	1e-12	1.27e-08
*21*11	2.5e-09	1e-12	2.2e-09	1e-12	3e-09	1.7e-09	1e-12	1e-12	0.00090043
*21*12	1e-12	1e-12	1e-12	1e-12	1e-10	5e-10	1e-12	1e-12	1.27e-08
*21*13	1e-12	1e-12	1e-12	1e-12	1e-12	1e-12	1e-12	1e-12	1.27e-08
*21*14	1e-12	1e-12	2.7e-09	1e-12	5.1e-09	1.7e-09	1e-12	1e-12	1.27e-08
*21*15	1e-12	1e-12	1e-10	1e-12	6.9e-09	1.6e-09	1e-12	1e-12	0.00018415
*21*17	7.099999999999999e-08	1e-12	1e-12	1e-12	1e-12	1e-12	1e-12	1e-12	0.00016002
*21*18	3.3e-08	1e-12	1e-12	1e-12	1e-12	1.46e-08	1e-12	1e-12	0.00073279
*21*19	1e-12	1e-12	1e-12	1e-12	1e-12	1e-12	1e-12	1e-12	0.0002032
*21*20	1e-12	1e-12	1e-12	1e-12	1e-12	1e-12	1e-12	1e-12	0.0002032
*21*21	1e-12	1e-12	1e-12	1e-12	1e-12	1e-12	1e-12	1e-12	0.00016129
*21*22	1.1e-08	1e-12	1e-12	1e-12	1.4e-08	1e-12	1e-12	1e-12	0.0003937
*21*23	1e-12	1e-12	1e-12	1e-10	1e-10	1e-12	1e-12	1e-12	1.27e-08
*21*24	1e-12	1e-12	1e-12	1e-12	1e-12	1e-12	1e-12	1e-12	1.27e-08
*21*25	1e-12	1e-12	1e-12	1e-12	1e-12	1e-12	1e-12	1e-12	1.27e-08
*21*26	1e-12	1e-12	1e-12	1e-12	1e-12	1e-12	1e-12	1e-12	1.27e-08
*21*27	1e-12	1e-12	1e-12	2e-10	1e-12	1e-12	1e-12	1e-12	7.62e-05
*21*28	1e-12	1e-12	1e-12	1e-12	1e-12	1e-12	1e-12	1e-12	7.62e-05
*21*31	1e-12	1e-12	1e-12	1e-12	1e-12	1e-12	1e-12	1e-12	1.27e-08
*21*32	1e-12	1e-12	1e-12	1e-12	1e-12	1e-12	1e-12	1e-12	1.27e-08
*21*33	1e-12	1e-12	1e-12	1e-12	1e-12	1e-12	1e-12	1e-12	1.27e-08
*21*34	1e-12	1e-12	1e-12	1e-12	1e-12	1e-12	1e-12	1e-12	1.27e-08
*21*35	1e-12	1e-12	1e-12	1e-12	1e-12	1e-12	1e-12	1e-12	1.27e-08
*21*36	1e-12	1e-12	1e-12	1e-12	1e-12	1e-12	1e-12	1e-12	1.27e-08
*21*37	1e-12	1e-12	1e-12	1e-12	1e-12	1e-12	1e-12	1e-12	1.27e-08
*21*38	1e-12	1e-12	1e-12	1e-12	1e-12	1e-12	1e-12	1e-12	1.27e-08
*22*1	0.0045485	1e-12	6.085e-07	6.497e-07	0.0068698000000000006	4.974e-07	4.76e-07	3.4000000000000003e-07	0.009755699999999999
*22*2	0.000341	1e-12	4.1e-08	4.58e-08	0.0006888	4.4e-08	3.9e-08	1e-12	0.0009609999999999999
*22*3	2.53e-05	1e-12	2.3999999999999996e-09	1e-12	2.94e-05	1.7999999999999998e-09	1e-12	1e-12	3.1e-08
*22*4	0.00011329999999999999	1e-12	9.9e-08	8.42e-08	0.0005726	1.062e-07	1.0399999999999999e-07	1e-12	3.1e-08
*22*5	0.0006831	1e-12	1e-12	1.1e-08	0.0016170000000000002	3.81e-08	2.4e-08	2e-08	0.00062
*22*6	0.0034869999999999996	1e-12	1.85e-07	1.7449999999999998e-07	0.003262	2.116e-07	2.31e-07	6.2e-07	0.011621900000000001
*22*7	1.1e-08	1e-12	1e-12	1e-12	0.0003472	8e-09	2.4e-08	1e-08	0.000496
*22*8	1.1e-08	1e-12	1e-12	1e-12	1.4e-08	1e-12	1e-12	1e-12	3.1e-08
*22*9	0.0005115	1e-12	5.899999999999999e-08	3.44e-08	0.0002058	7.27e-08	1.0199999999999999e-07	1e-08	3.1e-08
*22*10	1.1e-08	1e-12	1e-12	1e-12	1.4e-08	1e-12	1e-12	1e-12	3.1e-08
*22*11	2.7499999999999998e-05	1e-12	2.2e-09	1e-12	4.2000000000000004e-05	1.7e-09	1e-12	1e-12	0.0021979
*22*12	1.1e-08	1e-12	1e-12	1e-12	1.4000000000000001e-06	5e-10	1e-12	1e-12	3.1e-08
*22*13	1.1e-08	1e-12	1e-12	1e-12	1.4e-08	1e-12	1e-12	1e-12	3.1e-08
*22*14	1.1e-08	1e-12	2.7e-09	1e-12	7.14e-05	1.7e-09	1e-12	1e-12	3.1e-08
*22*15	1.1e-08	1e-12	1e-10	1e-12	9.66e-05	1.6e-09	1e-12	1e-12	0.00044950000000000003
*22*17	0.0007809999999999999	1e-12	1e-12	1e-12	1.4e-08	1e-12	1e-12	1e-12	0.0003906
*22*18	0.000363	1e-12	1e-12	1e-12	1.4e-08	1.46e-08	1e-12	1e-12	0.0017887
*22*19	1.1e-08	1e-12	1e-12	1e-12	1.4e-08	1e-12	1e-12	1e-12	0.000496
*22*20	1.1e-08	1e-12	1e-12	1e-12	1.4e-08	1e-12	1e-12	1e-12	0.000496
*22*21	1.1e-08	1e-12	1e-12	1e-12	1.4e-08	1e-12	1e-12	1e-12	0.0003937
*22*22	0.00012099999999999999	1e-12	1e-12	1e-12	0.00019600000000000002	1e-12	1e-12	1e-12	0.0009609999999999999
*22*23	1.1e-08	1e-12	1e-12	1e-10	1.4000000000000001e-06	1e-12	1e-12	1e-12	3.1e-08
*22*24	1.1e-08	1e-12	1e-12	1e-12	1.4e-08	1e-12	1e-12	1e-12	3.1e-08
*22*25	1.1e-08	1e-12	1e-12	1e-12	1.4e-08	1e-12	1e-12	1e-12	3.1e-08
*22*26	1.1e-08	1e-12	1e-12	1e-12	1.4e-08	1e-12	1e-12	1e-12	3.1e-08
*22*27	1.1e-08	1e-12	1e-12	2e-10	1.4e-08	1e-12	1e-12	1e-12	0.000186
*22*28	1.1e-08	1e-12	1e-12	1e-12	1.4e-08	1e-12	1e-12	1e-12	0.000186
*22*31	1.1e-08	1e-12	1e-12	1e-12	1.4e-08	1e-12	1e-12	1e-12	3.1e-08
*22*32	1.1e-08	1e-12	1e-12	1e-12	1.4e-08	1e-12	1e-12	1e-12	3.1e-08
*22*33	1.1e-08	1e-12	1e-12	1e-12	1.4e-08	1e-12	1e-12	1e-12	3.1e-08
*22*34	1.1e-08	1e-12	1e-12	1e-12	1.4e-08	1e-12	1e-12	1e-12	3.1e-08
*22*35	1.1e-08	1e-12	1e-12	1e-12	1.4e-08	1e-12	1e-12	1e-12	3.1e-08
*22*36	1.1e-08	1e-12	1e-12	1e-12	1.4e-08	1e-12	1e-12	1e-12	3.1e-08
*22*37	1.1e-08	1e-12	1e-12	1e-12	1.4e-08	1e-12	1e-12	1e-12	3.1e-08
*22*38	1.1e-08	1e-12	1e-12	1e-12	1.4e-08	1e-12	1e-12	1e-12	3.1e-08
*23*1	4.1349999999999994e-07	1e-12	6.085e-07	6.497000000000001e-05	4.907e-05	4.974e-07	4.76e-07	3.4000000000000003e-07	3.147e-07
*23*2	3.1e-08	1e-12	4.1e-08	4.58e-06	4.92e-06	4.4e-08	3.9e-08	1e-12	3.1e-08
*23*3	2.3e-09	1e-12	2.3999999999999996e-09	1e-10	2.1e-07	1.7999999999999998e-09	1e-12	1e-12	1e-12
*23*4	1.03e-08	1e-12	9.9e-08	8.42e-06	4.09e-06	1.062e-07	1.0399999999999999e-07	1e-12	1e-12
*23*5	6.21e-08	1e-12	1e-12	1.1e-06	1.1550000000000001e-05	3.81e-08	2.4e-08	2e-08	2e-08
*23*6	3.17e-07	1e-12	1.85e-07	1.745e-05	2.3300000000000004e-05	2.116e-07	2.31e-07	6.2e-07	3.749e-07
*23*7	1e-12	1e-12	1e-12	1e-10	2.48e-06	8e-09	2.4e-08	1e-08	1.6e-08
*23*8	1e-12	1e-12	1e-12	1e-10	1e-10	1e-12	1e-12	1e-12	1e-12
*23*9	4.65e-08	1e-12	5.899999999999999e-08	3.44e-06	1.4700000000000001e-06	7.27e-08	1.0199999999999999e-07	1e-08	1e-12
*23*10	1e-12	1e-12	1e-12	1e-10	1e-10	1e-12	1e-12	1e-12	1e-12
*23*11	2.5e-09	1e-12	2.2e-09	1e-10	3.0000000000000004e-07	1.7e-09	1e-12	1e-12	7.09e-08
*23*12	1e-12	1e-12	1e-12	1e-10	1e-08	5e-10	1e-12	1e-12	1e-12
*23*13	1e-12	1e-12	1e-12	1e-10	1e-10	1e-12	1e-12	1e-12	1e-12
*23*14	1e-12	1e-12	2.7e-09	1e-10	5.100000000000001e-07	1.7e-09	1e-12	1e-12	1e-12
*23*15	1e-12	1e-12	1e-10	1e-10	6.900000000000001e-07	1.6e-09	1e-12	1e-12	1.45e-08
*23*17	7.099999999999999e-08	1e-12	1e-12	1e-10	1e-10	1e-12	1e-12	1e-12	1.26e-08
*23*18	3.3e-08	1e-12	1e-12	1e-10	1e-10	1.46e-08	1e-12	1e-12	5.77e-08
*23*19	1e-12	1e-12	1e-12	1e-10	1e-10	1e-12	1e-12	1e-12	1.6e-08
*23*20	1e-12	1e-12	1e-12	1e-10	1e-10	1e-12	1e-12	1e-12	1.6e-08
*23*21	1e-12	1e-12	1e-12	1e-10	1e-10	1e-12	1e-12	1e-12	1.27e-08
*23*22	1.1e-08	1e-12	1e-12	1e-10	1.4000000000000001e-06	1e-12	1e-12	1e-12	3.1e-08
*23*23	1e-12	1e-12	1e-12	1e-08	1e-08	1e-12	1e-12	1e-12	1e-12
*23*24	1e-12	1e-12	1e-12	1e-10	1e-10	1e-12	1e-12	1e-12	1e-12
*23*25	1e-12	1e-12	1e-12	1e-10	1e-10	1e-12	1e-12	1e-12	1e-12
*23*26	1e-12	1e-12	1e-12	1e-10	1e-10	1e-12	1e-12	1e-12	1e-12
*23*27	1e-12	1e-12	1e-12	2e-08	1e-10	1e-12	1e-12	1e-12	6e-09
*23*28	1e-12	1e-12	1e-12	1e-10	1e-10	1e-12	1e-12	1e-12	6e-09
*23*31	1e-12	1e-12	1e-12	1e-10	1e-10	1e-12	1e-12	1e-12	1e-12
*23*32	1e-12	1e-12	1e-12	1e-10	1e-10	1e-12	1e-12	1e-12	1e-12
*23*33	1e-12	1e-12	1e-12	1e-10	1e-10	1e-12	1e-12	1e-12	1e-12
*23*34	1e-12	1e-12	1e-12	1e-10	1e-10	1e-12	1e-12	1e-12	1e-12
*23*35	1e-12	1e-12	1e-12	1e-10	1e-10	1e-12	1e-12	1e-12	1e-12
*23*36	1e-12	1e-12	1e-12	1e-10	1e-10	1e-12	1e-12	1e-12	1e-12
*23*37	1e-12	1e-12	1e-12	1e-10	1e-10	1e-12	1e-12	1e-12	1e-12
*23*38	1e-12	1e-12	1e-12	1e-10	1e-10	1e-12	1e-12	1e-12	1e-12
*24*1	4.1349999999999994e-07	1e-12	6.085e-07	6.497e-07	4.907e-07	4.974e-07	4.76e-07	3.4000000000000003e-07	3.147e-07
*24*2	3.1e-08	1e-12	4.1e-08	4.58e-08	4.92e-08	4.4e-08	3.9e-08	1e-12	3.1e-08
*24*3	2.3e-09	1e-12	2.3999999999999996e-09	1e-12	2.0999999999999998e-09	1.7999999999999998e-09	1e-12	1e-12	1e-12
*24*4	1.03e-08	1e-12	9.9e-08	8.42e-08	4.0899999999999996e-08	1.062e-07	1.0399999999999999e-07	1e-12	1e-12
*24*5	6.21e-08	1e-12	1e-12	1.1e-08	1.155e-07	3.81e-08	2.4e-08	2e-08	2e-08
*24*6	3.17e-07	1e-12	1.85e-07	1.7449999999999998e-07	2.33e-07	2.116e-07	2.31e-07	6.2e-07	3.749e-07
*24*7	1e-12	1e-12	1e-12	1e-12	2.4799999999999997e-08	8e-09	2.4e-08	1e-08	1.6e-08
*24*8	1e-12	1e-12	1e-12	1e-12	1e-12	1e-12	1e-12	1e-12	1e-12
*24*9	4.65e-08	1e-12	5.899999999999999e-08	3.44e-08	1.47e-08	7.27e-08	1.0199999999999999e-07	1e-08	1e-12
*24*10	1e-12	1e-12	1e-12	1e-12	1e-12	1e-12	1e-12	1e-12	1e-12
*24*11	2.5e-09	1e-12	2.2e-09	1e-12	3e-09	1.7e-09	1e-12	1e-12	7.09e-08
*24*12	1e-12	1e-12	1e-12	1e-12	1e-10	5e-10	1e-12	1e-12	1e-12
*24*13	1e-12	1e-12	1e-12	1e-12	1e-12	1e-12	1e-12	1e-12	1e-12
*24*14	1e-12	1e-12	2.7e-09	1e-12	5.1e-09	1.7e-09	1e-12	1e-12	1e-12
*24*15	1e-12	1e-12	1e-10	1e-12	6.9e-09	1.6e-09	1e-12	1e-12	1.45e-08
*24*17	7.099999999999999e-08	1e-12	1e-12	1e-12	1e-12	1e-12	1e-12	1e-12	1.26e-08
*24*18	3.3e-08	1e-12	1e-12	1e-12	1e-12	1.46e-08	1e-12	1e-12	5.77e-08
*24*19	1e-12	1e-12	1e-12	1e-12	1e-12	1e-12	1e-12	1e-12	1.6e-08
*24*20	1e-12	1e-12	1e-12	1e-12	1e-12	1e-12	1e-12	1e-12	1.6e-08
*24*21	1e-12	1e-12	1e-12	1e-12	1e-12	1e-12	1e-12	1e-12	1.27e-08
*24*22	1.1e-08	1e-12	1e-12	1e-12	1.4e-08	1e-12	1e-12	1e-12	3.1e-08
*24*23	1e-12	1e-12	1e-12	1e-10	1e-10	1e-12	1e-12	1e-12	1e-12
*24*24	1e-12	1e-12	1e-12	1e-12	1e-12	1e-12	1e-12	1e-12	1e-12
*24*25	1e-12	1e-12	1e-12	1e-12	1e-12	1e-12	1e-12	1e-12	1e-12
*24*26	1e-12	1e-12	1e-12	1e-12	1e-12	1e-12	1e-12	1e-12	1e-12
*24*27	1e-12	1e-12	1e-12	2e-10	1e-12	1e-12	1e-12	1e-12	6e-09
*24*28	1e-12	1e-12	1e-12	1e-12	1e-12	1e-12	1e-12	1e-12	6e-09
*24*31	1e-12	1e-12	1e-12	1e-12	1e-12	1e-12	1e-12	1e-12	1e-12
*24*32	1e-12	1e-12	1e-12	1e-12	1e-12	1e-12	1e-12	1e-12	1e-12
*24*33	1e-12	1e-12	1e-12	1e-12	1e-12	1e-12	1e-12	1e-12	1e-12
*24*34	1e-12	1e-12	1e-12	1e-12	1e-12	1e-12	1e-12	1e-12	1e-12
*24*35	1e-12	1e-12	1e-12	1e-12	1e-12	1e-12	1e-12	1e-12	1e-12
*24*36	1e-12	1e-12	1e-12	1e-12	1e-12	1e-12	1e-12	1e-12	1e-12
*24*37	1e-12	1e-12	1e-12	1e-12	1e-12	1e-12	1e-12	1e-12	1e-12
*24*38	1e-12	1e-12	1e-12	1e-12	1e-12	1e-12	1e-12	1e-12	1e-12
*25*1	4.1349999999999994e-07	1e-12	6.085e-07	6.497e-07	4.907e-07	4.974e-07	4.76e-07	3.4000000000000003e-07	3.147e-07
*25*2	3.1e-08	1e-12	4.1e-08	4.58e-08	4.92e-08	4.4e-08	3.9e-08	1e-12	3.1e-08
*25*3	2.3e-09	1e-12	2.3999999999999996e-09	1e-12	2.0999999999999998e-09	1.7999999999999998e-09	1e-12	1e-12	1e-12
*25*4	1.03e-08	1e-12	9.9e-08	8.42e-08	4.0899999999999996e-08	1.062e-07	1.0399999999999999e-07	1e-12	1e-12
*25*5	6.21e-08	1e-12	1e-12	1.1e-08	1.155e-07	3.81e-08	2.4e-08	2e-08	2e-08
*25*6	3.17e-07	1e-12	1.85e-07	1.7449999999999998e-07	2.33e-07	2.116e-07	2.31e-07	6.2e-07	3.749e-07
*25*7	1e-12	1e-12	1e-12	1e-12	2.4799999999999997e-08	8e-09	2.4e-08	1e-08	1.6e-08
*25*8	1e-12	1e-12	1e-12	1e-12	1e-12	1e-12	1e-12	1e-12	1e-12
*25*9	4.65e-08	1e-12	5.899999999999999e-08	3.44e-08	1.47e-08	7.27e-08	1.0199999999999999e-07	1e-08	1e-12
*25*10	1e-12	1e-12	1e-12	1e-12	1e-12	1e-12	1e-12	1e-12	1e-12
*25*11	2.5e-09	1e-12	2.2e-09	1e-12	3e-09	1.7e-09	1e-12	1e-12	7.09e-08
*25*12	1e-12	1e-12	1e-12	1e-12	1e-10	5e-10	1e-12	1e-12	1e-12
*25*13	1e-12	1e-12	1e-12	1e-12	1e-12	1e-12	1e-12	1e-12	1e-12
*25*14	1e-12	1e-12	2.7e-09	1e-12	5.1e-09	1.7e-09	1e-12	1e-12	1e-12
*25*15	1e-12	1e-12	1e-10	1e-12	6.9e-09	1.6e-09	1e-12	1e-12	1.45e-08
*25*17	7.099999999999999e-08	1e-12	1e-12	1e-12	1e-12	1e-12	1e-12	1e-12	1.26e-08
*25*18	3.3e-08	1e-12	1e-12	1e-12	1e-12	1.46e-08	1e-12	1e-12	5.77e-08
*25*19	1e-12	1e-12	1e-12	1e-12	1e-12	1e-12	1e-12	1e-12	1.6e-08
*25*20	1e-12	1e-12	1e-12	1e-12	1e-12	1e-12	1e-12	1e-12	1.6e-08
*25*21	1e-12	1e-12	1e-12	1e-12	1e-12	1e-12	1e-12	1e-12	1.27e-08
*25*22	1.1e-08	1e-12	1e-12	1e-12	1.4e-08	1e-12	1e-12	1e-12	3.1e-08
*25*23	1e-12	1e-12	1e-12	1e-10	1e-10	1e-12	1e-12	1e-12	1e-12
*25*24	1e-12	1e-12	1e-12	1e-12	1e-12	1e-12	1e-12	1e-12	1e-12
*25*25	1e-12	1e-12	1e-12	1e-12	1e-12	1e-12	1e-12	1e-12	1e-12
*25*26	1e-12	1e-12	1e-12	1e-12	1e-12	1e-12	1e-12	1e-12	1e-12
*25*27	1e-12	1e-12	1e-12	2e-10	1e-12	1e-12	1e-12	1e-12	6e-09
*25*28	1e-12	1e-12	1e-12	1e-12	1e-12	1e-12	1e-12	1e-12	6e-09
*25*31	1e-12	1e-12	1e-12	1e-12	1e-12	1e-12	1e-12	1e-12	1e-12
*25*32	1e-12	1e-12	1e-12	1e-12	1e-12	1e-12	1e-12	1e-12	1e-12
*25*33	1e-12	1e-12	1e-12	1e-12	1e-12	1e-12	1e-12	1e-12	1e-12
*25*34	1e-12	1e-12	1e-12	1e-12	1e-12	1e-12	1e-12	1e-12	1e-12
*25*35	1e-12	1e-12	1e-12	1e-12	1e-12	1e-12	1e-12	1e-12	1e-12
*25*36	1e-12	1e-12	1e-12	1e-12	1e-12	1e-12	1e-12	1e-12	1e-12
*25*37	1e-12	1e-12	1e-12	1e-12	1e-12	1e-12	1e-12	1e-12	1e-12
*25*38	1e-12	1e-12	1e-12	1e-12	1e-12	1e-12	1e-12	1e-12	1e-12
*26*1	4.1349999999999994e-07	1e-12	6.085e-07	6.497e-07	4.907e-07	4.974e-07	4.76e-07	3.4000000000000003e-07	3.147e-07
*26*2	3.1e-08	1e-12	4.1e-08	4.58e-08	4.92e-08	4.4e-08	3.9e-08	1e-12	3.1e-08
*26*3	2.3e-09	1e-12	2.3999999999999996e-09	1e-12	2.0999999999999998e-09	1.7999999999999998e-09	1e-12	1e-12	1e-12
*26*4	1.03e-08	1e-12	9.9e-08	8.42e-08	4.0899999999999996e-08	1.062e-07	1.0399999999999999e-07	1e-12	1e-12
*26*5	6.21e-08	1e-12	1e-12	1.1e-08	1.155e-07	3.81e-08	2.4e-08	2e-08	2e-08
*26*6	3.17e-07	1e-12	1.85e-07	1.7449999999999998e-07	2.33e-07	2.116e-07	2.31e-07	6.2e-07	3.749e-07
*26*7	1e-12	1e-12	1e-12	1e-12	2.4799999999999997e-08	8e-09	2.4e-08	1e-08	1.6e-08
*26*8	1e-12	1e-12	1e-12	1e-12	1e-12	1e-12	1e-12	1e-12	1e-12
*26*9	4.65e-08	1e-12	5.899999999999999e-08	3.44e-08	1.47e-08	7.27e-08	1.0199999999999999e-07	1e-08	1e-12
*26*10	1e-12	1e-12	1e-12	1e-12	1e-12	1e-12	1e-12	1e-12	1e-12
*26*11	2.5e-09	1e-12	2.2e-09	1e-12	3e-09	1.7e-09	1e-12	1e-12	7.09e-08
*26*12	1e-12	1e-12	1e-12	1e-12	1e-10	5e-10	1e-12	1e-12	1e-12
*26*13	1e-12	1e-12	1e-12	1e-12	1e-12	1e-12	1e-12	1e-12	1e-12
*26*14	1e-12	1e-12	2.7e-09	1e-12	5.1e-09	1.7e-09	1e-12	1e-12	1e-12
*26*15	1e-12	1e-12	1e-10	1e-12	6.9e-09	1.6e-09	1e-12	1e-12	1.45e-08
*26*17	7.099999999999999e-08	1e-12	1e-12	1e-12	1e-12	1e-12	1e-12	1e-12	1.26e-08
*26*18	3.3e-08	1e-12	1e-12	1e-12	1e-12	1.46e-08	1e-12	1e-12	5.77e-08
*26*19	1e-12	1e-12	1e-12	1e-12	1e-12	1e-12	1e-12	1e-12	1.6e-08
*26*20	1e-12	1e-12	1e-12	1e-12	1e-12	1e-12	1e-12	1e-12	1.6e-08
*26*21	1e-12	1e-12	1e-12	1e-12	1e-12	1e-12	1e-12	1e-12	1.27e-08
*26*22	1.1e-08	1e-12	1e-12	1e-12	1.4e-08	1e-12	1e-12	1e-12	3.1e-08
*26*23	1e-12	1e-12	1e-12	1e-10	1e-10	1e-12	1e-12	1e-12	1e-12
*26*24	1e-12	1e-12	1e-12	1e-12	1e-12	1e-12	1e-12	1e-12	1e-12
*26*25	1e-12	1e-12	1e-12	1e-12	1e-12	1e-12	1e-12	1e-12	1e-12
*26*26	1e-12	1e-12	1e-12	1e-12	1e-12	1e-12	1e-12	1e-12	1e-12
*26*27	1e-12	1e-12	1e-12	2e-10	1e-12	1e-12	1e-12	1e-12	6e-09
*26*28	1e-12	1e-12	1e-12	1e-12	1e-12	1e-12	1e-12	1e-12	6e-09
*26*31	1e-12	1e-12	1e-12	1e-12	1e-12	1e-12	1e-12	1e-12	1e-12
*26*32	1e-12	1e-12	1e-12	1e-12	1e-12	1e-12	1e-12	1e-12	1e-12
*26*33	1e-12	1e-12	1e-12	1e-12	1e-12	1e-12	1e-12	1e-12	1e-12
*26*34	1e-12	1e-12	1e-12	1e-12	1e-12	1e-12	1e-12	1e-12	1e-12
*26*35	1e-12	1e-12	1e-12	1e-12	1e-12	1e-12	1e-12	1e-12	1e-12
*26*36	1e-12	1e-12	1e-12	1e-12	1e-12	1e-12	1e-12	1e-12	1e-12
*26*37	1e-12	1e-12	1e-12	1e-12	1e-12	1e-12	1e-12	1e-12	1e-12
*26*38	1e-12	1e-12	1e-12	1e-12	1e-12	1e-12	1e-12	1e-12	1e-12
*27*1	4.1349999999999994e-07	1e-12	6.085e-07	0.00012994000000000002	4.907e-07	4.974e-07	4.76e-07	3.4000000000000003e-07	0.0018881999999999998
*27*2	3.1e-08	1e-12	4.1e-08	9.16e-06	4.92e-08	4.4e-08	3.9e-08	1e-12	0.000186
*27*3	2.3e-09	1e-12	2.3999999999999996e-09	2e-10	2.0999999999999998e-09	1.7999999999999998e-09	1e-12	1e-12	6e-09
*27*4	1.03e-08	1e-12	9.9e-08	1.684e-05	4.0899999999999996e-08	1.062e-07	1.0399999999999999e-07	1e-12	6e-09
*27*5	6.21e-08	1e-12	1e-12	2.2e-06	1.155e-07	3.81e-08	2.4e-08	2e-08	0.00012
*27*6	3.17e-07	1e-12	1.85e-07	3.49e-05	2.33e-07	2.116e-07	2.31e-07	6.2e-07	0.0022494
*27*7	1e-12	1e-12	1e-12	2e-10	2.4799999999999997e-08	8e-09	2.4e-08	1e-08	9.6e-05
*27*8	1e-12	1e-12	1e-12	2e-10	1e-12	1e-12	1e-12	1e-12	6e-09
*27*9	4.65e-08	1e-12	5.899999999999999e-08	6.88e-06	1.47e-08	7.27e-08	1.0199999999999999e-07	1e-08	6e-09
*27*10	1e-12	1e-12	1e-12	2e-10	1e-12	1e-12	1e-12	1e-12	6e-09
*27*11	2.5e-09	1e-12	2.2e-09	2e-10	3e-09	1.7e-09	1e-12	1e-12	0.00042540000000000004
*27*12	1e-12	1e-12	1e-12	2e-10	1e-10	5e-10	1e-12	1e-12	6e-09
*27*13	1e-12	1e-12	1e-12	2e-10	1e-12	1e-12	1e-12	1e-12	6e-09
*27*14	1e-12	1e-12	2.7e-09	2e-10	5.1e-09	1.7e-09	1e-12	1e-12	6e-09
*27*15	1e-12	1e-12	1e-10	2e-10	6.9e-09	1.6e-09	1e-12	1e-12	8.7e-05
*27*17	7.099999999999999e-08	1e-12	1e-12	2e-10	1e-12	1e-12	1e-12	1e-12	7.560000000000001e-05
*27*18	3.3e-08	1e-12	1e-12	2e-10	1e-12	1.46e-08	1e-12	1e-12	0.0003462
*27*19	1e-12	1e-12	1e-12	2e-10	1e-12	1e-12	1e-12	1e-12	9.6e-05
*27*20	1e-12	1e-12	1e-12	2e-10	1e-12	1e-12	1e-12	1e-12	9.6e-05
*27*21	1e-12	1e-12	1e-12	2e-10	1e-12	1e-12	1e-12	1e-12	7.62e-05
*27*22	1.1e-08	1e-12	1e-12	2e-10	1.4e-08	1e-12	1e-12	1e-12	0.000186
*27*23	1e-12	1e-12	1e-12	2e-08	1e-10	1e-12	1e-12	1e-12	6e-09
*27*24	1e-12	1e-12	1e-12	2e-10	1e-12	1e-12	1e-12	1e-12	6e-09
*27*25	1e-12	1e-12	1e-12	2e-10	1e-12	1e-12	1e-12	1e-12	6e-09
*27*26	1e-12	1e-12	1e-12	2e-10	1e-12	1e-12	1e-12	1e-12	6e-09
*27*27	1e-12	1e-12	1e-12	4e-08	1e-12	1e-12	1e-12	1e-12	3.6e-05
*27*28	1e-12	1e-12	1e-12	2e-10	1e-12	1e-12	1e-12	1e-12	3.6e-05
*27*31	1e-12	1e-12	1e-12	2e-10	1e-12	1e-12	1e-12	1e-12	6e-09
*27*32	1e-12	1e-12	1e-12	2e-10	1e-12	1e-12	1e-12	1e-12	6e-09
*27*33	1e-12	1e-12	1e-12	2e-10	1e-12	1e-12	1e-12	1e-12	6e-09
*27*34	1e-12	1e-12	1e-12	2e-10	1e-12	1e-12	1e-12	1e-12	6e-09
*27*35	1e-12	1e-12	1e-12	2e-10	1e-12	1e-12	1e-12	1e-12	6e-09
*27*36	1e-12	1e-12	1e-12	2e-10	1e-12	1e-12	1e-12	1e-12	6e-09
*27*37	1e-12	1e-12	1e-12	2e-10	1e-12	1e-12	1e-12	1e-12	6e-09
*27*38	1e-12	1e-12	1e-12	2e-10	1e-12	1e-12	1e-12	1e-12	6e-09
*28*1	4.1349999999999994e-07	1e-12	6.085e-07	6.497e-07	4.907e-07	4.974e-07	4.76e-07	3.4000000000000003e-07	0.0018881999999999998
*28*2	3.1e-08	1e-12	4.1e-08	4.58e-08	4.92e-08	4.4e-08	3.9e-08	1e-12	0.000186
*28*3	2.3e-09	1e-12	2.3999999999999996e-09	1e-12	2.0999999999999998e-09	1.7999999999999998e-09	1e-12	1e-12	6e-09
*28*4	1.03e-08	1e-12	9.9e-08	8.42e-08	4.0899999999999996e-08	1.062e-07	1.0399999999999999e-07	1e-12	6e-09
*28*5	6.21e-08	1e-12	1e-12	1.1e-08	1.155e-07	3.81e-08	2.4e-08	2e-08	0.00012
*28*6	3.17e-07	1e-12	1.85e-07	1.7449999999999998e-07	2.33e-07	2.116e-07	2.31e-07	6.2e-07	0.0022494
*28*7	1e-12	1e-12	1e-12	1e-12	2.4799999999999997e-08	8e-09	2.4e-08	1e-08	9.6e-05
*28*8	1e-12	1e-12	1e-12	1e-12	1e-12	1e-12	1e-12	1e-12	6e-09
*28*9	4.65e-08	1e-12	5.899999999999999e-08	3.44e-08	1.47e-08	7.27e-08	1.0199999999999999e-07	1e-08	6e-09
*28*10	1e-12	1e-12	1e-12	1e-12	1e-12	1e-12	1e-12	1e-12	6e-09
*28*11	2.5e-09	1e-12	2.2e-09	1e-12	3e-09	1.7e-09	1e-12	1e-12	0.00042540000000000004
*28*12	1e-12	1e-12	1e-12	1e-12	1e-10	5e-10	1e-12	1e-12	6e-09
*28*13	1e-12	1e-12	1e-12	1e-12	1e-12	1e-12	1e-12	1e-12	6e-09
*28*14	1e-12	1e-12	2.7e-09	1e-12	5.1e-09	1.7e-09	1e-12	1e-12	6e-09
*28*15	1e-12	1e-12	1e-10	1e-12	6.9e-09	1.6e-09	1e-12	1e-12	8.7e-05
*28*17	7.099999999999999e-08	1e-12	1e-12	1e-12	1e-12	1e-12	1e-12	1e-12	7.560000000000001e-05
*28*18	3.3e-08	1e-12	1e-12	1e-12	1e-12	1.46e-08	1e-12	1e-12	0.0003462
*28*19	1e-12	1e-12	1e-12	1e-12	1e-12	1e-12	1e-12	1e-12	9.6e-05
*28*20	1e-12	1e-12	1e-12	1e-12	1e-12	1e-12	1e-12	1e-12	9.6e-05
*28*21	1e-12	1e-12	1e-12	1e-12	1e-12	1e-12	1e-12	1e-12	7.62e-05
*28*22	1.1e-08	1e-12	1e-12	1e-12	1.4e-08	1e-12	1e-12	1e-12	0.000186
*28*23	1e-12	1e-12	1e-12	1e-10	1e-10	1e-12	1e-12	1e-12	6e-09
*28*24	1e-12	1e-12	1e-12	1e-12	1e-12	1e-12	1e-12	1e-12	6e-09
*28*25	1e-12	1e-12	1e-12	1e-12	1e-12	1e-12	1e-12	1e-12	6e-09
*28*26	1e-12	1e-12	1e-12	1e-12	1e-12	1e-12	1e-12	1e-12	6e-09
*28*27	1e-12	1e-12	1e-12	2e-10	1e-12	1e-12	1e-12	1e-12	3.6e-05
*28*28	1e-12	1e-12	1e-12	1e-12	1e-12	1e-12	1e-12	1e-12	3.6e-05
*28*31	1e-12	1e-12	1e-12	1e-12	1e-12	1e-12	1e-12	1e-12	6e-09
*28*32	1e-12	1e-12	1e-12	1e-12	1e-12	1e-12	1e-12	1e-12	6e-09
*28*33	1e-12	1e-12	1e-12	1e-12	1e-12	1e-12	1e-12	1e-12	6e-09
*28*34	1e-12	1e-12	1e-12	1e-12	1e-12	1e-12	1e-12	1e-12	6e-09
*28*35	1e-12	1e-12	1e-12	1e-12	1e-12	1e-12	1e-12	1e-12	6e-09
*28*36	1e-12	1e-12	1e-12	1e-12	1e-12	1e-12	1e-12	1e-12	6e-09
*28*37	1e-12	1e-12	1e-12	1e-12	1e-12	1e-12	1e-12	1e-12	6e-09
*28*38	1e-12	1e-12	1e-12	1e-12	1e-12	1e-12	1e-12	1e-12	6e-09
*31*1	4.1349999999999994e-07	1e-12	6.085e-07	6.497e-07	4.907e-07	4.974e-07	4.76e-07	3.4000000000000003e-07	3.147e-07
*31*2	3.1e-08	1e-12	4.1e-08	4.58e-08	4.92e-08	4.4e-08	3.9e-08	1e-12	3.1e-08
*31*3	2.3e-09	1e-12	2.3999999999999996e-09	1e-12	2.0999999999999998e-09	1.7999999999999998e-09	1e-12	1e-12	1e-12
*31*4	1.03e-08	1e-12	9.9e-08	8.42e-08	4.0899999999999996e-08	1.062e-07	1.0399999999999999e-07	1e-12	1e-12
*31*5	6.21e-08	1e-12	1e-12	1.1e-08	1.155e-07	3.81e-08	2.4e-08	2e-08	2e-08
*31*6	3.17e-07	1e-12	1.85e-07	1.7449999999999998e-07	2.33e-07	2.116e-07	2.31e-07	6.2e-07	3.749e-07
*31*7	1e-12	1e-12	1e-12	1e-12	2.4799999999999997e-08	8e-09	2.4e-08	1e-08	1.6e-08
*31*8	1e-12	1e-12	1e-12	1e-12	1e-12	1e-12	1e-12	1e-12	1e-12
*31*9	4.65e-08	1e-12	5.899999999999999e-08	3.44e-08	1.47e-08	7.27e-08	1.0199999999999999e-07	1e-08	1e-12
*31*10	1e-12	1e-12	1e-12	1e-12	1e-12	1e-12	1e-12	1e-12	1e-12
*31*11	2.5e-09	1e-12	2.2e-09	1e-12	3e-09	1.7e-09	1e-12	1e-12	7.09e-08
*31*12	1e-12	1e-12	1e-12	1e-12	1e-10	5e-10	1e-12	1e-12	1e-12
*31*13	1e-12	1e-12	1e-12	1e-12	1e-12	1e-12	1e-12	1e-12	1e-12
*31*14	1e-12	1e-12	2.7e-09	1e-12	5.1e-09	1.7e-09	1e-12	1e-12	1e-12
*31*15	1e-12	1e-12	1e-10	1e-12	6.9e-09	1.6e-09	1e-12	1e-12	1.45e-08
*31*17	7.099999999999999e-08	1e-12	1e-12	1e-12	1e-12	1e-12	1e-12	1e-12	1.26e-08
*31*18	3.3e-08	1e-12	1e-12	1e-12	1e-12	1.46e-08	1e-12	1e-12	5.77e-08
*31*19	1e-12	1e-12	1e-12	1e-12	1e-12	1e-12	1e-12	1e-12	1.6e-08
*31*20	1e-12	1e-12	1e-12	1e-12	1e-12	1e-12	1e-12	1e-12	1.6e-08
*31*21	1e-12	1e-12	1e-12	1e-12	1e-12	1e-12	1e-12	1e-12	1.27e-08
*31*22	1.1e-08	1e-12	1e-12	1e-12	1.4e-08	1e-12	1e-12	1e-12	3.1e-08
*31*23	1e-12	1e-12	1e-12	1e-10	1e-10	1e-12	1e-12	1e-12	1e-12
*31*24	1e-12	1e-12	1e-12	1e-12	1e-12	1e-12	1e-12	1e-12	1e-12
*31*25	1e-12	1e-12	1e-12	1e-12	1e-12	1e-12	1e-12	1e-12	1e-12
*31*26	1e-12	1e-12	1e-12	1e-12	1e-12	1e-12	1e-12	1e-12	1e-12
*31*27	1e-12	1e-12	1e-12	2e-10	1e-12	1e-12	1e-12	1e-12	6e-09
*31*28	1e-12	1e-12	1e-12	1e-12	1e-12	1e-12	1e-12	1e-12	6e-09
*31*31	1e-12	1e-12	1e-12	1e-12	1e-12	1e-12	1e-12	1e-12	1e-12
*31*32	1e-12	1e-12	1e-12	1e-12	1e-12	1e-12	1e-12	1e-12	1e-12
*31*33	1e-12	1e-12	1e-12	1e-12	1e-12	1e-12	1e-12	1e-12	1e-12
*31*34	1e-12	1e-12	1e-12	1e-12	1e-12	1e-12	1e-12	1e-12	1e-12
*31*35	1e-12	1e-12	1e-12	1e-12	1e-12	1e-12	1e-12	1e-12	1e-12
*31*36	1e-12	1e-12	1e-12	1e-12	1e-12	1e-12	1e-12	1e-12	1e-12
*31*37	1e-12	1e-12	1e-12	1e-12	1e-12	1e-12	1e-12	1e-12	1e-12
*31*38	1e-12	1e-12	1e-12	1e-12	1e-12	1e-12	1e-12	1e-12	1e-12
*32*1	4.1349999999999994e-07	1e-12	6.085e-07	6.497e-07	4.907e-07	4.974e-07	4.76e-07	3.4000000000000003e-07	3.147e-07
*32*2	3.1e-08	1e-12	4.1e-08	4.58e-08	4.92e-08	4.4e-08	3.9e-08	1e-12	3.1e-08
*32*3	2.3e-09	1e-12	2.3999999999999996e-09	1e-12	2.0999999999999998e-09	1.7999999999999998e-09	1e-12	1e-12	1e-12
*32*4	1.03e-08	1e-12	9.9e-08	8.42e-08	4.0899999999999996e-08	1.062e-07	1.0399999999999999e-07	1e-12	1e-12
*32*5	6.21e-08	1e-12	1e-12	1.1e-08	1.155e-07	3.81e-08	2.4e-08	2e-08	2e-08
*32*6	3.17e-07	1e-12	1.85e-07	1.7449999999999998e-07	2.33e-07	2.116e-07	2.31e-07	6.2e-07	3.749e-07
*32*7	1e-12	1e-12	1e-12	1e-12	2.4799999999999997e-08	8e-09	2.4e-08	1e-08	1.6e-08
*32*8	1e-12	1e-12	1e-12	1e-12	1e-12	1e-12	1e-12	1e-12	1e-12
*32*9	4.65e-08	1e-12	5.899999999999999e-08	3.44e-08	1.47e-08	7.27e-08	1.0199999999999999e-07	1e-08	1e-12
*32*10	1e-12	1e-12	1e-12	1e-12	1e-12	1e-12	1e-12	1e-12	1e-12
*32*11	2.5e-09	1e-12	2.2e-09	1e-12	3e-09	1.7e-09	1e-12	1e-12	7.09e-08
*32*12	1e-12	1e-12	1e-12	1e-12	1e-10	5e-10	1e-12	1e-12	1e-12
*32*13	1e-12	1e-12	1e-12	1e-12	1e-12	1e-12	1e-12	1e-12	1e-12
*32*14	1e-12	1e-12	2.7e-09	1e-12	5.1e-09	1.7e-09	1e-12	1e-12	1e-12
*32*15	1e-12	1e-12	1e-10	1e-12	6.9e-09	1.6e-09	1e-12	1e-12	1.45e-08
*32*17	7.099999999999999e-08	1e-12	1e-12	1e-12	1e-12	1e-12	1e-12	1e-12	1.26e-08
*32*18	3.3e-08	1e-12	1e-12	1e-12	1e-12	1.46e-08	1e-12	1e-12	5.77e-08
*32*19	1e-12	1e-12	1e-12	1e-12	1e-12	1e-12	1e-12	1e-12	1.6e-08
*32*20	1e-12	1e-12	1e-12	1e-12	1e-12	1e-12	1e-12	1e-12	1.6e-08
*32*21	1e-12	1e-12	1e-12	1e-12	1e-12	1e-12	1e-12	1e-12	1.27e-08
*32*22	1.1e-08	1e-12	1e-12	1e-12	1.4e-08	1e-12	1e-12	1e-12	3.1e-08
*32*23	1e-12	1e-12	1e-12	1e-10	1e-10	1e-12	1e-12	1e-12	1e-12
*32*24	1e-12	1e-12	1e-12	1e-12	1e-12	1e-12	1e-12	1e-12	1e-12
*32*25	1e-12	1e-12	1e-12	1e-12	1e-12	1e-12	1e-12	1e-12	1e-12
*32*26	1e-12	1e-12	1e-12	1e-12	1e-12	1e-12	1e-12	1e-12	1e-12
*32*27	1e-12	1e-12	1e-12	2e-10	1e-12	1e-12	1e-12	1e-12	6e-09
*32*28	1e-12	1e-12	1e-12	1e-12	1e-12	1e-12	1e-12	1e-12	6e-09
*32*31	1e-12	1e-12	1e-12	1e-12	1e-12	1e-12	1e-12	1e-12	1e-12
*32*32	1e-12	1e-12	1e-12	1e-12	1e-12	1e-12	1e-12	1e-12	1e-12
*32*33	1e-12	1e-12	1e-12	1e-12	1e-12	1e-12	1e-12	1e-12	1e-12
*32*34	1e-12	1e-12	1e-12	1e-12	1e-12	1e-12	1e-12	1e-12	1e-12
*32*35	1e-12	1e-12	1e-12	1e-12	1e-12	1e-12	1e-12	1e-12	1e-12
*32*36	1e-12	1e-12	1e-12	1e-12	1e-12	1e-12	1e-12	1e-12	1e-12
*32*37	1e-12	1e-12	1e-12	1e-12	1e-12	1e-12	1e-12	1e-12	1e-12
*32*38	1e-12	1e-12	1e-12	1e-12	1e-12	1e-12	1e-12	1e-12	1e-12
*33*1	4.1349999999999994e-07	1e-12	6.085e-07	6.497e-07	4.907e-07	4.974e-07	4.76e-07	3.4000000000000003e-07	3.147e-07
*33*2	3.1e-08	1e-12	4.1e-08	4.58e-08	4.92e-08	4.4e-08	3.9e-08	1e-12	3.1e-08
*33*3	2.3e-09	1e-12	2.3999999999999996e-09	1e-12	2.0999999999999998e-09	1.7999999999999998e-09	1e-12	1e-12	1e-12
*33*4	1.03e-08	1e-12	9.9e-08	8.42e-08	4.0899999999999996e-08	1.062e-07	1.0399999999999999e-07	1e-12	1e-12
*33*5	6.21e-08	1e-12	1e-12	1.1e-08	1.155e-07	3.81e-08	2.4e-08	2e-08	2e-08
*33*6	3.17e-07	1e-12	1.85e-07	1.7449999999999998e-07	2.33e-07	2.116e-07	2.31e-07	6.2e-07	3.749e-07
*33*7	1e-12	1e-12	1e-12	1e-12	2.4799999999999997e-08	8e-09	2.4e-08	1e-08	1.6e-08
*33*8	1e-12	1e-12	1e-12	1e-12	1e-12	1e-12	1e-12	1e-12	1e-12
*33*9	4.65e-08	1e-12	5.899999999999999e-08	3.44e-08	1.47e-08	7.27e-08	1.0199999999999999e-07	1e-08	1e-12
*33*10	1e-12	1e-12	1e-12	1e-12	1e-12	1e-12	1e-12	1e-12	1e-12
*33*11	2.5e-09	1e-12	2.2e-09	1e-12	3e-09	1.7e-09	1e-12	1e-12	7.09e-08
*33*12	1e-12	1e-12	1e-12	1e-12	1e-10	5e-10	1e-12	1e-12	1e-12
*33*13	1e-12	1e-12	1e-12	1e-12	1e-12	1e-12	1e-12	1e-12	1e-12
*33*14	1e-12	1e-12	2.7e-09	1e-12	5.1e-09	1.7e-09	1e-12	1e-12	1e-12
*33*15	1e-12	1e-12	1e-10	1e-12	6.9e-09	1.6e-09	1e-12	1e-12	1.45e-08
*33*17	7.099999999999999e-08	1e-12	1e-12	1e-12	1e-12	1e-12	1e-12	1e-12	1.26e-08
*33*18	3.3e-08	1e-12	1e-12	1e-12	1e-12	1.46e-08	1e-12	1e-12	5.77e-08
*33*19	1e-12	1e-12	1e-12	1e-12	1e-12	1e-12	1e-12	1e-12	1.6e-08
*33*20	1e-12	1e-12	1e-12	1e-12	1e-12	1e-12	1e-12	1e-12	1.6e-08
*33*21	1e-12	1e-12	1e-12	1e-12	1e-12	1e-12	1e-12	1e-12	1.27e-08
*33*22	1.1e-08	1e-12	1e-12	1e-12	1.4e-08	1e-12	1e-12	1e-12	3.1e-08
*33*23	1e-12	1e-12	1e-12	1e-10	1e-10	1e-12	1e-12	1e-12	1e-12
*33*24	1e-12	1e-12	1e-12	1e-12	1e-12	1e-12	1e-12	1e-12	1e-12
*33*25	1e-12	1e-12	1e-12	1e-12	1e-12	1e-12	1e-12	1e-12	1e-12
*33*26	1e-12	1e-12	1e-12	1e-12	1e-12	1e-12	1e-12	1e-12	1e-12
*33*27	1e-12	1e-12	1e-12	2e-10	1e-12	1e-12	1e-12	1e-12	6e-09
*33*28	1e-12	1e-12	1e-12	1e-12	1e-12	1e-12	1e-12	1e-12	6e-09
*33*31	1e-12	1e-12	1e-12	1e-12	1e-12	1e-12	1e-12	1e-12	1e-12
*33*32	1e-12	1e-12	1e-12	1e-12	1e-12	1e-12	1e-12	1e-12	1e-12
*33*33	1e-12	1e-12	1e-12	1e-12	1e-12	1e-12	1e-12	1e-12	1e-12
*33*34	1e-12	1e-12	1e-12	1e-12	1e-12	1e-12	1e-12	1e-12	1e-12
*33*35	1e-12	1e-12	1e-12	1e-12	1e-12	1e-12	1e-12	1e-12	1e-12
*33*36	1e-12	1e-12	1e-12	1e-12	1e-12	1e-12	1e-12	1e-12	1e-12
*33*37	1e-12	1e-12	1e-12	1e-12	1e-12	1e-12	1e-12	1e-12	1e-12
*33*38	1e-12	1e-12	1e-12	1e-12	1e-12	1e-12	1e-12	1e-12	1e-12
*34*1	4.1349999999999994e-07	1e-12	6.085e-07	6.497e-07	4.907e-07	4.974e-07	4.76e-07	3.4000000000000003e-07	3.147e-07
*34*2	3.1e-08	1e-12	4.1e-08	4.58e-08	4.92e-08	4.4e-08	3.9e-08	1e-12	3.1e-08
*34*3	2.3e-09	1e-12	2.3999999999999996e-09	1e-12	2.0999999999999998e-09	1.7999999999999998e-09	1e-12	1e-12	1e-12
*34*4	1.03e-08	1e-12	9.9e-08	8.42e-08	4.0899999999999996e-08	1.062e-07	1.0399999999999999e-07	1e-12	1e-12
*34*5	6.21e-08	1e-12	1e-12	1.1e-08	1.155e-07	3.81e-08	2.4e-08	2e-08	2e-08
*34*6	3.17e-07	1e-12	1.85e-07	1.7449999999999998e-07	2.33e-07	2.116e-07	2.31e-07	6.2e-07	3.749e-07
*34*7	1e-12	1e-12	1e-12	1e-12	2.4799999999999997e-08	8e-09	2.4e-08	1e-08	1.6e-08
*34*8	1e-12	1e-12	1e-12	1e-12	1e-12	1e-12	1e-12	1e-12	1e-12
*34*9	4.65e-08	1e-12	5.899999999999999e-08	3.44e-08	1.47e-08	7.27e-08	1.0199999999999999e-07	1e-08	1e-12
*34*10	1e-12	1e-12	1e-12	1e-12	1e-12	1e-12	1e-12	1e-12	1e-12
*34*11	2.5e-09	1e-12	2.2e-09	1e-12	3e-09	1.7e-09	1e-12	1e-12	7.09e-08
*34*12	1e-12	1e-12	1e-12	1e-12	1e-10	5e-10	1e-12	1e-12	1e-12
*34*13	1e-12	1e-12	1e-12	1e-12	1e-12	1e-12	1e-12	1e-12	1e-12
*34*14	1e-12	1e-12	2.7e-09	1e-12	5.1e-09	1.7e-09	1e-12	1e-12	1e-12
*34*15	1e-12	1e-12	1e-10	1e-12	6.9e-09	1.6e-09	1e-12	1e-12	1.45e-08
*34*17	7.099999999999999e-08	1e-12	1e-12	1e-12	1e-12	1e-12	1e-12	1e-12	1.26e-08
*34*18	3.3e-08	1e-12	1e-12	1e-12	1e-12	1.46e-08	1e-12	1e-12	5.77e-08
*34*19	1e-12	1e-12	1e-12	1e-12	1e-12	1e-12	1e-12	1e-12	1.6e-08
*34*20	1e-12	1e-12	1e-12	1e-12	1e-12	1e-12	1e-12	1e-12	1.6e-08
*34*21	1e-12	1e-12	1e-12	1e-12	1e-12	1e-12	1e-12	1e-12	1.27e-08
*34*22	1.1e-08	1e-12	1e-12	1e-12	1.4e-08	1e-12	1e-12	1e-12	3.1e-08
*34*23	1e-12	1e-12	1e-12	1e-10	1e-10	1e-12	1e-12	1e-12	1e-12
*34*24	1e-12	1e-12	1e-12	1e-12	1e-12	1e-12	1e-12	1e-12	1e-12
*34*25	1e-12	1e-12	1e-12	1e-12	1e-12	1e-12	1e-12	1e-12	1e-12
*34*26	1e-12	1e-12	1e-12	1e-12	1e-12	1e-12	1e-12	1e-12	1e-12
*34*27	1e-12	1e-12	1e-12	2e-10	1e-12	1e-12	1e-12	1e-12	6e-09
*34*28	1e-12	1e-12	1e-12	1e-12	1e-12	1e-12	1e-12	1e-12	6e-09
*34*31	1e-12	1e-12	1e-12	1e-12	1e-12	1e-12	1e-12	1e-12	1e-12
*34*32	1e-12	1e-12	1e-12	1e-12	1e-12	1e-12	1e-12	1e-12	1e-12
*34*33	1e-12	1e-12	1e-12	1e-12	1e-12	1e-12	1e-12	1e-12	1e-12
*34*34	1e-12	1e-12	1e-12	1e-12	1e-12	1e-12	1e-12	1e-12	1e-12
*34*35	1e-12	1e-12	1e-12	1e-12	1e-12	1e-12	1e-12	1e-12	1e-12
*34*36	1e-12	1e-12	1e-12	1e-12	1e-12	1e-12	1e-12	1e-12	1e-12
*34*37	1e-12	1e-12	1e-12	1e-12	1e-12	1e-12	1e-12	1e-12	1e-12
*34*38	1e-12	1e-12	1e-12	1e-12	1e-12	1e-12	1e-12	1e-12	1e-12
*35*1	4.1349999999999994e-07	1e-12	6.085e-07	6.497e-07	4.907e-07	4.974e-07	4.76e-07	3.4000000000000003e-07	3.147e-07
*35*2	3.1e-08	1e-12	4.1e-08	4.58e-08	4.92e-08	4.4e-08	3.9e-08	1e-12	3.1e-08
*35*3	2.3e-09	1e-12	2.3999999999999996e-09	1e-12	2.0999999999999998e-09	1.7999999999999998e-09	1e-12	1e-12	1e-12
*35*4	1.03e-08	1e-12	9.9e-08	8.42e-08	4.0899999999999996e-08	1.062e-07	1.0399999999999999e-07	1e-12	1e-12
*35*5	6.21e-08	1e-12	1e-12	1.1e-08	1.155e-07	3.81e-08	2.4e-08	2e-08	2e-08
*35*6	3.17e-07	1e-12	1.85e-07	1.7449999999999998e-07	2.33e-07	2.116e-07	2.31e-07	6.2e-07	3.749e-07
*35*7	1e-12	1e-12	1e-12	1e-12	2.4799999999999997e-08	8e-09	2.4e-08	1e-08	1.6e-08
*35*8	1e-12	1e-12	1e-12	1e-12	1e-12	1e-12	1e-12	1e-12	1e-12
*35*9	4.65e-08	1e-12	5.899999999999999e-08	3.44e-08	1.47e-08	7.27e-08	1.0199999999999999e-07	1e-08	1e-12
*35*10	1e-12	1e-12	1e-12	1e-12	1e-12	1e-12	1e-12	1e-12	1e-12
*35*11	2.5e-09	1e-12	2.2e-09	1e-12	3e-09	1.7e-09	1e-12	1e-12	7.09e-08
*35*12	1e-12	1e-12	1e-12	1e-12	1e-10	5e-10	1e-12	1e-12	1e-12
*35*13	1e-12	1e-12	1e-12	1e-12	1e-12	1e-12	1e-12	1e-12	1e-12
*35*14	1e-12	1e-12	2.7e-09	1e-12	5.1e-09	1.7e-09	1e-12	1e-12	1e-12
*35*15	1e-12	1e-12	1e-10	1e-12	6.9e-09	1.6e-09	1e-12	1e-12	1.45e-08
*35*17	7.099999999999999e-08	1e-12	1e-12	1e-12	1e-12	1e-12	1e-12	1e-12	1.26e-08
*35*18	3.3e-08	1e-12	1e-12	1e-12	1e-12	1.46e-08	1e-12	1e-12	5.77e-08
*35*19	1e-12	1e-12	1e-12	1e-12	1e-12	1e-12	1e-12	1e-12	1.6e-08
*35*20	1e-12	1e-12	1e-12	1e-12	1e-12	1e-12	1e-12	1e-12	1.6e-08
*35*21	1e-12	1e-12	1e-12	1e-12	1e-12	1e-12	1e-12	1e-12	1.27e-08
*35*22	1.1e-08	1e-12	1e-12	1e-12	1.4e-08	1e-12	1e-12	1e-12	3.1e-08
*35*23	1e-12	1e-12	1e-12	1e-10	1e-10	1e-12	1e-12	1e-12	1e-12
*35*24	1e-12	1e-12	1e-12	1e-12	1e-12	1e-12	1e-12	1e-12	1e-12
*35*25	1e-12	1e-12	1e-12	1e-12	1e-12	1e-12	1e-12	1e-12	1e-12
*35*26	1e-12	1e-12	1e-12	1e-12	1e-12	1e-12	1e-12	1e-12	1e-12
*35*27	1e-12	1e-12	1e-12	2e-10	1e-12	1e-12	1e-12	1e-12	6e-09
*35*28	1e-12	1e-12	1e-12	1e-12	1e-12	1e-12	1e-12	1e-12	6e-09
*35*31	1e-12	1e-12	1e-12	1e-12	1e-12	1e-12	1e-12	1e-12	1e-12
*35*32	1e-12	1e-12	1e-12	1e-12	1e-12	1e-12	1e-12	1e-12	1e-12
*35*33	1e-12	1e-12	1e-12	1e-12	1e-12	1e-12	1e-12	1e-12	1e-12
*35*34	1e-12	1e-12	1e-12	1e-12	1e-12	1e-12	1e-12	1e-12	1e-12
*35*35	1e-12	1e-12	1e-12	1e-12	1e-12	1e-12	1e-12	1e-12	1e-12
*35*36	1e-12	1e-12	1e-12	1e-12	1e-12	1e-12	1e-12	1e-12	1e-12
*35*37	1e-12	1e-12	1e-12	1e-12	1e-12	1e-12	1e-12	1e-12	1e-12
*35*38	1e-12	1e-12	1e-12	1e-12	1e-12	1e-12	1e-12	1e-12	1e-12
*36*1	4.1349999999999994e-07	1e-12	6.085e-07	6.497e-07	4.907e-07	4.974e-07	4.76e-07	3.4000000000000003e-07	3.147e-07
*36*2	3.1e-08	1e-12	4.1e-08	4.58e-08	4.92e-08	4.4e-08	3.9e-08	1e-12	3.1e-08
*36*3	2.3e-09	1e-12	2.3999999999999996e-09	1e-12	2.0999999999999998e-09	1.7999999999999998e-09	1e-12	1e-12	1e-12
*36*4	1.03e-08	1e-12	9.9e-08	8.42e-08	4.0899999999999996e-08	1.062e-07	1.0399999999999999e-07	1e-12	1e-12
*36*5	6.21e-08	1e-12	1e-12	1.1e-08	1.155e-07	3.81e-08	2.4e-08	2e-08	2e-08
*36*6	3.17e-07	1e-12	1.85e-07	1.7449999999999998e-07	2.33e-07	2.116e-07	2.31e-07	6.2e-07	3.749e-07
*36*7	1e-12	1e-12	1e-12	1e-12	2.4799999999999997e-08	8e-09	2.4e-08	1e-08	1.6e-08
*36*8	1e-12	1e-12	1e-12	1e-12	1e-12	1e-12	1e-12	1e-12	1e-12
*36*9	4.65e-08	1e-12	5.899999999999999e-08	3.44e-08	1.47e-08	7.27e-08	1.0199999999999999e-07	1e-08	1e-12
*36*10	1e-12	1e-12	1e-12	1e-12	1e-12	1e-12	1e-12	1e-12	1e-12
*36*11	2.5e-09	1e-12	2.2e-09	1e-12	3e-09	1.7e-09	1e-12	1e-12	7.09e-08
*36*12	1e-12	1e-12	1e-12	1e-12	1e-10	5e-10	1e-12	1e-12	1e-12
*36*13	1e-12	1e-12	1e-12	1e-12	1e-12	1e-12	1e-12	1e-12	1e-12
*36*14	1e-12	1e-12	2.7e-09	1e-12	5.1e-09	1.7e-09	1e-12	1e-12	1e-12
*36*15	1e-12	1e-12	1e-10	1e-12	6.9e-09	1.6e-09	1e-12	1e-12	1.45e-08
*36*17	7.099999999999999e-08	1e-12	1e-12	1e-12	1e-12	1e-12	1e-12	1e-12	1.26e-08
*36*18	3.3e-08	1e-12	1e-12	1e-12	1e-12	1.46e-08	1e-12	1e-12	5.77e-08
*36*19	1e-12	1e-12	1e-12	1e-12	1e-12	1e-12	1e-12	1e-12	1.6e-08
*36*20	1e-12	1e-12	1e-12	1e-12	1e-12	1e-12	1e-12	1e-12	1.6e-08
*36*21	1e-12	1e-12	1e-12	1e-12	1e-12	1e-12	1e-12	1e-12	1.27e-08
*36*22	1.1e-08	1e-12	1e-12	1e-12	1.4e-08	1e-12	1e-12	1e-12	3.1e-08
*36*23	1e-12	1e-12	1e-12	1e-10	1e-10	1e-12	1e-12	1e-12	1e-12
*36*24	1e-12	1e-12	1e-12	1e-12	1e-12	1e-12	1e-12	1e-12	1e-12
*36*25	1e-12	1e-12	1e-12	1e-12	1e-12	1e-12	1e-12	1e-12	1e-12
*36*26	1e-12	1e-12	1e-12	1e-12	1e-12	1e-12	1e-12	1e-12	1e-12
*36*27	1e-12	1e-12	1e-12	2e-10	1e-12	1e-12	1e-12	1e-12	6e-09
*36*28	1e-12	1e-12	1e-12	1e-12	1e-12	1e-12	1e-12	1e-12	6e-09
*36*31	1e-12	1e-12	1e-12	1e-12	1e-12	1e-12	1e-12	1e-12	1e-12
*36*32	1e-12	1e-12	1e-12	1e-12	1e-12	1e-12	1e-12	1e-12	1e-12
*36*33	1e-12	1e-12	1e-12	1e-12	1e-12	1e-12	1e-12	1e-12	1e-12
*36*34	1e-12	1e-12	1e-12	1e-12	1e-12	1e-12	1e-12	1e-12	1e-12
*36*35	1e-12	1e-12	1e-12	1e-12	1e-12	1e-12	1e-12	1e-12	1e-12
*36*36	1e-12	1e-12	1e-12	1e-12	1e-12	1e-12	1e-12	1e-12	1e-12
*36*37	1e-12	1e-12	1e-12	1e-12	1e-12	1e-12	1e-12	1e-12	1e-12
*36*38	1e-12	1e-12	1e-12	1e-12	1e-12	1e-12	1e-12	1e-12	1e-12
*37*1	4.1349999999999994e-07	1e-12	6.085e-07	6.497e-07	4.907e-07	4.974e-07	4.76e-07	3.4000000000000003e-07	3.147e-07
*37*2	3.1e-08	1e-12	4.1e-08	4.58e-08	4.92e-08	4.4e-08	3.9e-08	1e-12	3.1e-08
*37*3	2.3e-09	1e-12	2.3999999999999996e-09	1e-12	2.0999999999999998e-09	1.7999999999999998e-09	1e-12	1e-12	1e-12
*37*4	1.03e-08	1e-12	9.9e-08	8.42e-08	4.0899999999999996e-08	1.062e-07	1.0399999999999999e-07	1e-12	1e-12
*37*5	6.21e-08	1e-12	1e-12	1.1e-08	1.155e-07	3.81e-08	2.4e-08	2e-08	2e-08
*37*6	3.17e-07	1e-12	1.85e-07	1.7449999999999998e-07	2.33e-07	2.116e-07	2.31e-07	6.2e-07	3.749e-07
*37*7	1e-12	1e-12	1e-12	1e-12	2.4799999999999997e-08	8e-09	2.4e-08	1e-08	1.6e-08
*37*8	1e-12	1e-12	1e-12	1e-12	1e-12	1e-12	1e-12	1e-12	1e-12
*37*9	4.65e-08	1e-12	5.899999999999999e-08	3.44e-08	1.47e-08	7.27e-08	1.0199999999999999e-07	1e-08	1e-12
*37*10	1e-12	1e-12	1e-12	1e-12	1e-12	1e-12	1e-12	1e-12	1e-12
*37*11	2.5e-09	1e-12	2.2e-09	1e-12	3e-09	1.7e-09	1e-12	1e-12	7.09e-08
*37*12	1e-12	1e-12	1e-12	1e-12	1e-10	5e-10	1e-12	1e-12	1e-12
*37*13	1e-12	1e-12	1e-12	1e-12	1e-12	1e-12	1e-12	1e-12	1e-12
*37*14	1e-12	1e-12	2.7e-09	1e-12	5.1e-09	1.7e-09	1e-12	1e-12	1e-12
*37*15	1e-12	1e-12	1e-10	1e-12	6.9e-09	1.6e-09	1e-12	1e-12	1.45e-08
*37*17	7.099999999999999e-08	1e-12	1e-12	1e-12	1e-12	1e-12	1e-12	1e-12	1.26e-08
*37*18	3.3e-08	1e-12	1e-12	1e-12	1e-12	1.46e-08	1e-12	1e-12	5.77e-08
*37*19	1e-12	1e-12	1e-12	1e-12	1e-12	1e-12	1e-12	1e-12	1.6e-08
*37*20	1e-12	1e-12	1e-12	1e-12	1e-12	1e-12	1e-12	1e-12	1.6e-08
*37*21	1e-12	1e-12	1e-12	1e-12	1e-12	1e-12	1e-12	1e-12	1.27e-08
*37*22	1.1e-08	1e-12	1e-12	1e-12	1.4e-08	1e-12	1e-12	1e-12	3.1e-08
*37*23	1e-12	1e-12	1e-12	1e-10	1e-10	1e-12	1e-12	1e-12	1e-12
*37*24	1e-12	1e-12	1e-12	1e-12	1e-12	1e-12	1e-12	1e-12	1e-12
*37*25	1e-12	1e-12	1e-12	1e-12	1e-12	1e-12	1e-12	1e-12	1e-12
*37*26	1e-12	1e-12	1e-12	1e-12	1e-12	1e-12	1e-12	1e-12	1e-12
*37*27	1e-12	1e-12	1e-12	2e-10	1e-12	1e-12	1e-12	1e-12	6e-09
*37*28	1e-12	1e-12	1e-12	1e-12	1e-12	1e-12	1e-12	1e-12	6e-09
*37*31	1e-12	1e-12	1e-12	1e-12	1e-12	1e-12	1e-12	1e-12	1e-12
*37*32	1e-12	1e-12	1e-12	1e-12	1e-12	1e-12	1e-12	1e-12	1e-12
*37*33	1e-12	1e-12	1e-12	1e-12	1e-12	1e-12	1e-12	1e-12	1e-12
*37*34	1e-12	1e-12	1e-12	1e-12	1e-12	1e-12	1e-12	1e-12	1e-12
*37*35	1e-12	1e-12	1e-12	1e-12	1e-12	1e-12	1e-12	1e-12	1e-12
*37*36	1e-12	1e-12	1e-12	1e-12	1e-12	1e-12	1e-12	1e-12	1e-12
*37*37	1e-12	1e-12	1e-12	1e-12	1e-12	1e-12	1e-12	1e-12	1e-12
*37*38	1e-12	1e-12	1e-12	1e-12	1e-12	1e-12	1e-12	1e-12	1e-12
*38*1	4.1349999999999994e-07	1e-12	6.085e-07	6.497e-07	4.907e-07	4.974e-07	4.76e-07	3.4000000000000003e-07	3.147e-07
*38*2	3.1e-08	1e-12	4.1e-08	4.58e-08	4.92e-08	4.4e-08	3.9e-08	1e-12	3.1e-08
*38*3	2.3e-09	1e-12	2.3999999999999996e-09	1e-12	2.0999999999999998e-09	1.7999999999999998e-09	1e-12	1e-12	1e-12
*38*4	1.03e-08	1e-12	9.9e-08	8.42e-08	4.0899999999999996e-08	1.062e-07	1.0399999999999999e-07	1e-12	1e-12
*38*5	6.21e-08	1e-12	1e-12	1.1e-08	1.155e-07	3.81e-08	2.4e-08	2e-08	2e-08
*38*6	3.17e-07	1e-12	1.85e-07	1.7449999999999998e-07	2.33e-07	2.116e-07	2.31e-07	6.2e-07	3.749e-07
*38*7	1e-12	1e-12	1e-12	1e-12	2.4799999999999997e-08	8e-09	2.4e-08	1e-08	1.6e-08
*38*8	1e-12	1e-12	1e-12	1e-12	1e-12	1e-12	1e-12	1e-12	1e-12
*38*9	4.65e-08	1e-12	5.899999999999999e-08	3.44e-08	1.47e-08	7.27e-08	1.0199999999999999e-07	1e-08	1e-12
*38*10	1e-12	1e-12	1e-12	1e-12	1e-12	1e-12	1e-12	1e-12	1e-12
*38*11	2.5e-09	1e-12	2.2e-09	1e-12	3e-09	1.7e-09	1e-12	1e-12	7.09e-08
*38*12	1e-12	1e-12	1e-12	1e-12	1e-10	5e-10	1e-12	1e-12	1e-12
*38*13	1e-12	1e-12	1e-12	1e-12	1e-12	1e-12	1e-12	1e-12	1e-12
*38*14	1e-12	1e-12	2.7e-09	1e-12	5.1e-09	1.7e-09	1e-12	1e-12	1e-12
*38*15	1e-12	1e-12	1e-10	1e-12	6.9e-09	1.6e-09	1e-12	1e-12	1.45e-08
*38*17	7.099999999999999e-08	1e-12	1e-12	1e-12	1e-12	1e-12	1e-12	1e-12	1.26e-08
*38*18	3.3e-08	1e-12	1e-12	1e-12	1e-12	1.46e-08	1e-12	1e-12	5.77e-08
*38*19	1e-12	1e-12	1e-12	1e-12	1e-12	1e-12	1e-12	1e-12	1.6e-08
*38*20	1e-12	1e-12	1e-12	1e-12	1e-12	1e-12	1e-12	1e-12	1.6e-08
*38*21	1e-12	1e-12	1e-12	1e-12	1e-12	1e-12	1e-12	1e-12	1.27e-08
*38*22	1.1e-08	1e-12	1e-12	1e-12	1.4e-08	1e-12	1e-12	1e-12	3.1e-08
*38*23	1e-12	1e-12	1e-12	1e-10	1e-10	1e-12	1e-12	1e-12	1e-12
*38*24	1e-12	1e-12	1e-12	1e-12	1e-12	1e-12	1e-12	1e-12	1e-12
*38*25	1e-12	1e-12	1e-12	1e-12	1e-12	1e-12	1e-12	1e-12	1e-12
*38*26	1e-12	1e-12	1e-12	1e-12	1e-12	1e-12	1e-12	1e-12	1e-12
*38*27	1e-12	1e-12	1e-12	2e-10	1e-12	1e-12	1e-12	1e-12	6e-09
*38*28	1e-12	1e-12	1e-12	1e-12	1e-12	1e-12	1e-12	1e-12	6e-09
*38*31	1e-12	1e-12	1e-12	1e-12	1e-12	1e-12	1e-12	1e-12	1e-12
*38*32	1e-12	1e-12	1e-12	1e-12	1e-12	1e-12	1e-12	1e-12	1e-12
*38*33	1e-12	1e-12	1e-12	1e-12	1e-12	1e-12	1e-12	1e-12	1e-12
*38*34	1e-12	1e-12	1e-12	1e-12	1e-12	1e-12	1e-12	1e-12	1e-12
*38*35	1e-12	1e-12	1e-12	1e-12	1e-12	1e-12	1e-12	1e-12	1e-12
*38*36	1e-12	1e-12	1e-12	1e-12	1e-12	1e-12	1e-12	1e-12	1e-12
*38*37	1e-12	1e-12	1e-12	1e-12	1e-12	1e-12	1e-12	1e-12	1e-12
*38*38	1e-12	1e-12	1e-12	1e-12	1e-12	1e-12	1e-12	1e-12	1e-12
