CYP2C19_allele	African_American_Afro_Caribbean	American	Central_South_Asian	East_Asian	European	Latino	Near_Eastern	Oceanian	Sub_Saharan_African
*1*1	0.29899023999999996	0.62758084	0.29550096	0.35473936	0.39025009000000005	0.51351556	0.45198729	0.035006409999999995	0.30415225
*1*2	0.09924419999999999	0.09617308	0.14671763999999998	0.1688526	0.09158102000000001	0.07466972000000001	0.08054154000000001	0.11403745	0.0864752
*1*3	0.0015310399999999998	0.00031688	0.008534519999999999	0.043181	0.00106199	0.00057328	0.01109295	0.02739144	0.00148905
*1*4	5.467999999999999e-07	7.922e-07	5.436e-07	0.00011912000000000001	0.0012494000000000001	0.00035830000000000004	6.723e-07	1.8709999999999997e-07	5.514999999999999e-07
*1*5	5.467999999999999e-07	7.922e-07	5.436e-07	0.0019059200000000002	6.247e-07	7.165999999999999e-07	6.723e-07	1.8709999999999997e-07	5.514999999999999e-07
*1*6	5.467999999999999e-07	7.922e-07	5.436e-07	0.00035736	0.00018741	7.165999999999999e-07	6.723e-07	1.8709999999999997e-07	5.514999999999999e-07
*1*7	5.467999999999999e-07	7.922e-07	5.436e-07	5.9560000000000006e-05	6.247e-07	7.165999999999999e-07	6.723e-07	1.8709999999999997e-07	5.514999999999999e-07
*1*8	0.0006014799999999999	7.922e-07	5.436e-07	5.956e-07	0.00212398	0.00093158	6.723e-07	1.8709999999999997e-07	5.514999999999999e-07
*1*9	0.00781924	7.922e-07	5.436e-07	5.9560000000000006e-05	0.00043729	0.00057328	6.723e-07	1.8709999999999997e-07	0.0148905
*1*10	0.0018044399999999998	7.922e-07	5.436e-07	5.9560000000000006e-05	6.247e-07	0.0008599199999999999	6.723e-07	1.8709999999999997e-07	5.514999999999999e-07
*1*11	5.467999999999999e-07	7.922e-07	5.436e-07	5.956e-07	6.247e-07	7.165999999999999e-07	6.723e-07	1.8709999999999997e-07	5.514999999999999e-07
*1*12	0.0006014799999999999	7.922e-07	5.436e-07	5.9560000000000006e-05	6.247e-07	7.165999999999999e-07	6.723e-07	1.8709999999999997e-07	5.514999999999999e-07
*1*13	0.0065616	7.922e-07	5.436e-07	5.9560000000000006e-05	0.0013743400000000002	0.0028664000000000003	6.723e-07	1.8709999999999997e-07	5.514999999999999e-07
*1*14	5.467999999999999e-07	7.922e-07	5.436e-07	5.9560000000000006e-05	6.247e-07	7.165999999999999e-07	6.723e-07	1.8709999999999997e-07	5.514999999999999e-07
*1*15	0.007655199999999999	7.922e-07	5.436e-07	0.00083384	0.0012494000000000001	0.0028664000000000003	6.723e-07	1.8709999999999997e-07	0.02917435
*1*16	5.467999999999999e-07	7.922e-07	5.436e-07	5.956e-07	6.247e-07	7.165999999999999e-07	6.723e-07	1.8709999999999997e-07	5.514999999999999e-07
*1*17	0.11329695999999999	0.06820841999999999	0.09284687999999999	0.012209800000000002	0.13518508	0.11938556	0.12867821999999998	0.0106647	0.09557495
*1*18	5.467999999999999e-07	7.922e-07	5.436e-07	0.01185244	6.247e-07	7.165999999999999e-07	6.723e-07	1.8709999999999997e-07	5.514999999999999e-07
*1*19	5.467999999999999e-07	7.922e-07	5.436e-07	0.00011912000000000001	6.247e-07	7.165999999999999e-07	6.723e-07	1.8709999999999997e-07	5.514999999999999e-07
*1*22	5.467999999999999e-07	7.922e-07	5.436e-07	5.956e-07	6.247e-07	7.165999999999999e-07	6.723e-07	1.8709999999999997e-07	5.514999999999999e-07
*1*23	5.467999999999999e-07	7.922e-07	5.436e-07	0.00035736	6.247e-07	7.165999999999999e-07	6.723e-07	1.8709999999999997e-07	5.514999999999999e-07
*1*24	5.467999999999999e-07	7.922e-07	5.436e-07	0.00011912000000000001	6.247e-07	7.165999999999999e-07	6.723e-07	1.8709999999999997e-07	5.514999999999999e-07
*1*25	5.467999999999999e-07	7.922e-07	5.436e-07	0.00011912000000000001	6.247e-07	7.165999999999999e-07	6.723e-07	1.8709999999999997e-07	5.514999999999999e-07
*1*26	5.467999999999999e-07	7.922e-07	5.436e-07	5.956e-07	6.247e-07	7.165999999999999e-07	6.723e-07	1.8709999999999997e-07	5.514999999999999e-07
*1*28	5.467999999999999e-07	7.922e-07	5.436e-07	5.956e-07	6.247e-07	7.165999999999999e-07	6.723e-07	1.8709999999999997e-07	0.00204055
*1*29	5.467999999999999e-07	7.922e-07	5.436e-07	0.00011912000000000001	6.247e-07	7.165999999999999e-07	6.723e-07	1.8709999999999997e-07	5.514999999999999e-07
*1*30	5.467999999999999e-07	7.922e-07	5.436e-07	0.00011912000000000001	6.247e-07	7.165999999999999e-07	6.723e-07	1.8709999999999997e-07	5.514999999999999e-07
*1*31	5.467999999999999e-07	7.922e-07	5.436e-07	0.00011912000000000001	6.247e-07	7.165999999999999e-07	6.723e-07	1.8709999999999997e-07	5.514999999999999e-07
*1*32	5.467999999999999e-07	7.922e-07	5.436e-07	0.00011912000000000001	6.247e-07	7.165999999999999e-07	6.723e-07	1.8709999999999997e-07	5.514999999999999e-07
*1*33	5.467999999999999e-07	7.922e-07	5.436e-07	0.00011912000000000001	6.247e-07	7.165999999999999e-07	6.723e-07	1.8709999999999997e-07	5.514999999999999e-07
*1*34	5.467999999999999e-07	7.922e-07	5.436e-07	5.956e-07	6.247e-07	7.165999999999999e-07	6.723e-07	1.8709999999999997e-07	5.514999999999999e-07
*1*35	0.00869412	7.922e-07	5.436e-07	5.956e-07	6.247e-07	7.165999999999999e-07	6.723e-07	1.8709999999999997e-07	0.017703149999999997
*1*38	5.467999999999999e-07	7.922e-07	5.436e-07	5.956e-07	6.247e-07	7.165999999999999e-07	6.723e-07	1.8709999999999997e-07	5.514999999999999e-07
*2*1	0.09924419999999999	0.09617308	0.14671763999999998	0.1688526	0.09158102000000001	0.07466972000000001	0.08054154000000001	0.11403745	0.0864752
*2*2	0.03294225	0.014737959999999998	0.07284600999999999	0.08037224999999999	0.021491560000000003	0.01085764	0.014352040000000002	0.3714902500000001	0.02458624
*2*3	0.0005082	4.856e-05	0.0042374299999999995	0.020553749999999996	0.00024922	8.336e-05	0.0019767	0.08923080000000001	0.00042336
*2*4	1.8149999999999998e-07	1.214e-07	2.6989999999999995e-07	5.6699999999999996e-05	0.0002932	5.21e-05	1.198e-07	6.095e-07	1.5679999999999997e-07
*2*5	1.8149999999999998e-07	1.214e-07	2.6989999999999995e-07	0.0009071999999999999	1.466e-07	1.0419999999999999e-07	1.198e-07	6.095e-07	1.5679999999999997e-07
*2*6	1.8149999999999998e-07	1.214e-07	2.6989999999999995e-07	0.00017009999999999996	4.3979999999999996e-05	1.0419999999999999e-07	1.198e-07	6.095e-07	1.5679999999999997e-07
*2*7	1.8149999999999998e-07	1.214e-07	2.6989999999999995e-07	2.8349999999999998e-05	1.466e-07	1.0419999999999999e-07	1.198e-07	6.095e-07	1.5679999999999997e-07
*2*8	0.00019965	1.214e-07	2.6989999999999995e-07	2.8349999999999996e-07	0.00049844	0.00013546	1.198e-07	6.095e-07	1.5679999999999997e-07
*2*9	0.00259545	1.214e-07	2.6989999999999995e-07	2.8349999999999998e-05	0.00010262	8.336e-05	1.198e-07	6.095e-07	0.0042336
*2*10	0.00059895	1.214e-07	2.6989999999999995e-07	2.8349999999999998e-05	1.466e-07	0.00012503999999999998	1.198e-07	6.095e-07	1.5679999999999997e-07
*2*11	1.8149999999999998e-07	1.214e-07	2.6989999999999995e-07	2.8349999999999996e-07	1.466e-07	1.0419999999999999e-07	1.198e-07	6.095e-07	1.5679999999999997e-07
*2*12	0.00019965	1.214e-07	2.6989999999999995e-07	2.8349999999999998e-05	1.466e-07	1.0419999999999999e-07	1.198e-07	6.095e-07	1.5679999999999997e-07
*2*13	0.002178	1.214e-07	2.6989999999999995e-07	2.8349999999999998e-05	0.00032252	0.0004168	1.198e-07	6.095e-07	1.5679999999999997e-07
*2*14	1.8149999999999998e-07	1.214e-07	2.6989999999999995e-07	2.8349999999999998e-05	1.466e-07	1.0419999999999999e-07	1.198e-07	6.095e-07	1.5679999999999997e-07
*2*15	0.002541	1.214e-07	2.6989999999999995e-07	0.00039689999999999994	0.0002932	0.0004168	1.198e-07	6.095e-07	0.00829472
*2*16	1.8149999999999998e-07	1.214e-07	2.6989999999999995e-07	2.8349999999999996e-07	1.466e-07	1.0419999999999999e-07	1.198e-07	6.095e-07	1.5679999999999997e-07
*2*17	0.037606799999999996	0.01045254	0.046098919999999995	0.00581175	0.03172424	0.01735972	0.02292972	0.0347415	0.02717344
*2*18	1.8149999999999998e-07	1.214e-07	2.6989999999999995e-07	0.00564165	1.466e-07	1.0419999999999999e-07	1.198e-07	6.095e-07	1.5679999999999997e-07
*2*19	1.8149999999999998e-07	1.214e-07	2.6989999999999995e-07	5.6699999999999996e-05	1.466e-07	1.0419999999999999e-07	1.198e-07	6.095e-07	1.5679999999999997e-07
*2*22	1.8149999999999998e-07	1.214e-07	2.6989999999999995e-07	2.8349999999999996e-07	1.466e-07	1.0419999999999999e-07	1.198e-07	6.095e-07	1.5679999999999997e-07
*2*23	1.8149999999999998e-07	1.214e-07	2.6989999999999995e-07	0.00017009999999999996	1.466e-07	1.0419999999999999e-07	1.198e-07	6.095e-07	1.5679999999999997e-07
*2*24	1.8149999999999998e-07	1.214e-07	2.6989999999999995e-07	5.6699999999999996e-05	1.466e-07	1.0419999999999999e-07	1.198e-07	6.095e-07	1.5679999999999997e-07
*2*25	1.8149999999999998e-07	1.214e-07	2.6989999999999995e-07	5.6699999999999996e-05	1.466e-07	1.0419999999999999e-07	1.198e-07	6.095e-07	1.5679999999999997e-07
*2*26	1.8149999999999998e-07	1.214e-07	2.6989999999999995e-07	2.8349999999999996e-07	1.466e-07	1.0419999999999999e-07	1.198e-07	6.095e-07	1.5679999999999997e-07
*2*28	1.8149999999999998e-07	1.214e-07	2.6989999999999995e-07	2.8349999999999996e-07	1.466e-07	1.0419999999999999e-07	1.198e-07	6.095e-07	0.00058016
*2*29	1.8149999999999998e-07	1.214e-07	2.6989999999999995e-07	5.6699999999999996e-05	1.466e-07	1.0419999999999999e-07	1.198e-07	6.095e-07	1.5679999999999997e-07
*2*30	1.8149999999999998e-07	1.214e-07	2.6989999999999995e-07	5.6699999999999996e-05	1.466e-07	1.0419999999999999e-07	1.198e-07	6.095e-07	1.5679999999999997e-07
*2*31	1.8149999999999998e-07	1.214e-07	2.6989999999999995e-07	5.6699999999999996e-05	1.466e-07	1.0419999999999999e-07	1.198e-07	6.095e-07	1.5679999999999997e-07
*2*32	1.8149999999999998e-07	1.214e-07	2.6989999999999995e-07	5.6699999999999996e-05	1.466e-07	1.0419999999999999e-07	1.198e-07	6.095e-07	1.5679999999999997e-07
*2*33	1.8149999999999998e-07	1.214e-07	2.6989999999999995e-07	5.6699999999999996e-05	1.466e-07	1.0419999999999999e-07	1.198e-07	6.095e-07	1.5679999999999997e-07
*2*34	1.8149999999999998e-07	1.214e-07	2.6989999999999995e-07	2.8349999999999996e-07	1.466e-07	1.0419999999999999e-07	1.198e-07	6.095e-07	1.5679999999999997e-07
*2*35	0.00288585	1.214e-07	2.6989999999999995e-07	2.8349999999999996e-07	1.466e-07	1.0419999999999999e-07	1.198e-07	6.095e-07	0.005033279999999999
*2*38	1.8149999999999998e-07	1.214e-07	2.6989999999999995e-07	2.8349999999999996e-07	1.466e-07	1.0419999999999999e-07	1.198e-07	6.095e-07	1.5679999999999997e-07
*3*1	0.0015310399999999998	0.00031688	0.008534519999999999	0.043181	0.00106199	0.00057328	0.01109295	0.02739144	0.00148905
*3*2	0.0005082	4.856e-05	0.0042374299999999995	0.020553749999999996	0.00024922	8.336e-05	0.0019767	0.08923080000000001	0.00042336
*3*3	7.84e-06	1.6e-07	0.00024649	0.00525625	2.89e-06	6.4e-07	0.00027225000000000003	0.02143296	7.2900000000000005e-06
*3*4	2.8e-09	4e-10	1.5699999999999998e-08	1.45e-05	3.4e-06	4.0000000000000003e-07	1.65e-08	1.464e-07	2.7e-09
*3*5	2.8e-09	4e-10	1.5699999999999998e-08	0.000232	1.7e-09	8e-10	1.65e-08	1.464e-07	2.7e-09
*3*6	2.8e-09	4e-10	1.5699999999999998e-08	4.3499999999999993e-05	5.099999999999999e-07	8e-10	1.65e-08	1.464e-07	2.7e-09
*3*7	2.8e-09	4e-10	1.5699999999999998e-08	7.25e-06	1.7e-09	8e-10	1.65e-08	1.464e-07	2.7e-09
*3*8	3.08e-06	4e-10	1.5699999999999998e-08	7.25e-08	5.78e-06	1.04e-06	1.65e-08	1.464e-07	2.7e-09
*3*9	4.004e-05	4e-10	1.5699999999999998e-08	7.25e-06	1.1899999999999998e-06	6.4e-07	1.65e-08	1.464e-07	7.29e-05
*3*10	9.24e-06	4e-10	1.5699999999999998e-08	7.25e-06	1.7e-09	9.6e-07	1.65e-08	1.464e-07	2.7e-09
*3*11	2.8e-09	4e-10	1.5699999999999998e-08	7.25e-08	1.7e-09	8e-10	1.65e-08	1.464e-07	2.7e-09
*3*12	3.08e-06	4e-10	1.5699999999999998e-08	7.25e-06	1.7e-09	8e-10	1.65e-08	1.464e-07	2.7e-09
*3*13	3.3600000000000004e-05	4e-10	1.5699999999999998e-08	7.25e-06	3.74e-06	3.2000000000000003e-06	1.65e-08	1.464e-07	2.7e-09
*3*14	2.8e-09	4e-10	1.5699999999999998e-08	7.25e-06	1.7e-09	8e-10	1.65e-08	1.464e-07	2.7e-09
*3*15	3.92e-05	4e-10	1.5699999999999998e-08	0.00010149999999999999	3.4e-06	3.2000000000000003e-06	1.65e-08	1.464e-07	0.00014283
*3*16	2.8e-09	4e-10	1.5699999999999998e-08	7.25e-08	1.7e-09	8e-10	1.65e-08	1.464e-07	2.7e-09
*3*17	0.00058016	3.444e-05	0.00268156	0.00148625	0.00036788	0.00013328	0.0031581	0.008344800000000001	0.00046791000000000004
*3*18	2.8e-09	4e-10	1.5699999999999998e-08	0.00144275	1.7e-09	8e-10	1.65e-08	1.464e-07	2.7e-09
*3*19	2.8e-09	4e-10	1.5699999999999998e-08	1.45e-05	1.7e-09	8e-10	1.65e-08	1.464e-07	2.7e-09
*3*22	2.8e-09	4e-10	1.5699999999999998e-08	7.25e-08	1.7e-09	8e-10	1.65e-08	1.464e-07	2.7e-09
*3*23	2.8e-09	4e-10	1.5699999999999998e-08	4.3499999999999993e-05	1.7e-09	8e-10	1.65e-08	1.464e-07	2.7e-09
*3*24	2.8e-09	4e-10	1.5699999999999998e-08	1.45e-05	1.7e-09	8e-10	1.65e-08	1.464e-07	2.7e-09
*3*25	2.8e-09	4e-10	1.5699999999999998e-08	1.45e-05	1.7e-09	8e-10	1.65e-08	1.464e-07	2.7e-09
*3*26	2.8e-09	4e-10	1.5699999999999998e-08	7.25e-08	1.7e-09	8e-10	1.65e-08	1.464e-07	2.7e-09
*3*28	2.8e-09	4e-10	1.5699999999999998e-08	7.25e-08	1.7e-09	8e-10	1.65e-08	1.464e-07	9.990000000000001e-06
*3*29	2.8e-09	4e-10	1.5699999999999998e-08	1.45e-05	1.7e-09	8e-10	1.65e-08	1.464e-07	2.7e-09
*3*30	2.8e-09	4e-10	1.5699999999999998e-08	1.45e-05	1.7e-09	8e-10	1.65e-08	1.464e-07	2.7e-09
*3*31	2.8e-09	4e-10	1.5699999999999998e-08	1.45e-05	1.7e-09	8e-10	1.65e-08	1.464e-07	2.7e-09
*3*32	2.8e-09	4e-10	1.5699999999999998e-08	1.45e-05	1.7e-09	8e-10	1.65e-08	1.464e-07	2.7e-09
*3*33	2.8e-09	4e-10	1.5699999999999998e-08	1.45e-05	1.7e-09	8e-10	1.65e-08	1.464e-07	2.7e-09
*3*34	2.8e-09	4e-10	1.5699999999999998e-08	7.25e-08	1.7e-09	8e-10	1.65e-08	1.464e-07	2.7e-09
*3*35	4.452e-05	4e-10	1.5699999999999998e-08	7.25e-08	1.7e-09	8e-10	1.65e-08	1.464e-07	8.667e-05
*3*38	2.8e-09	4e-10	1.5699999999999998e-08	7.25e-08	1.7e-09	8e-10	1.65e-08	1.464e-07	2.7e-09
*4*1	5.467999999999999e-07	7.922e-07	5.436e-07	0.00011912000000000001	0.0012494000000000001	0.00035830000000000004	6.723e-07	1.8709999999999997e-07	5.514999999999999e-07
*4*2	1.8149999999999998e-07	1.214e-07	2.6989999999999995e-07	5.6699999999999996e-05	0.0002932	5.21e-05	1.198e-07	6.095e-07	1.5679999999999997e-07
*4*3	2.8e-09	4e-10	1.5699999999999998e-08	1.45e-05	3.4e-06	4.0000000000000003e-07	1.65e-08	1.464e-07	2.7e-09
*4*4	1e-12	1e-12	1e-12	4e-08	4e-06	2.5e-07	1e-12	1e-12	1e-12
*4*5	1e-12	1e-12	1e-12	6.4e-07	2e-09	5e-10	1e-12	1e-12	1e-12
*4*6	1e-12	1e-12	1e-12	1.2e-07	6e-07	5e-10	1e-12	1e-12	1e-12
*4*7	1e-12	1e-12	1e-12	2e-08	2e-09	5e-10	1e-12	1e-12	1e-12
*4*8	1.1e-09	1e-12	1e-12	2e-10	6.8e-06	6.5e-07	1e-12	1e-12	1e-12
*4*9	1.4299999999999999e-08	1e-12	1e-12	2e-08	1.4e-06	4.0000000000000003e-07	1e-12	1e-12	2.6999999999999997e-08
*4*10	3.2999999999999998e-09	1e-12	1e-12	2e-08	2e-09	6e-07	1e-12	1e-12	1e-12
*4*11	1e-12	1e-12	1e-12	2e-10	2e-09	5e-10	1e-12	1e-12	1e-12
*4*12	1.1e-09	1e-12	1e-12	2e-08	2e-09	5e-10	1e-12	1e-12	1e-12
*4*13	1.2e-08	1e-12	1e-12	2e-08	4.4e-06	2e-06	1e-12	1e-12	1e-12
*4*14	1e-12	1e-12	1e-12	2e-08	2e-09	5e-10	1e-12	1e-12	1e-12
*4*15	1.4e-08	1e-12	1e-12	2.8e-07	4e-06	2e-06	1e-12	1e-12	5.29e-08
*4*16	1e-12	1e-12	1e-12	2e-10	2e-09	5e-10	1e-12	1e-12	1e-12
*4*17	2.0719999999999998e-07	8.61e-08	1.708e-07	4.1000000000000006e-06	0.0004328	8.33e-05	1.9139999999999998e-07	5.7e-08	1.733e-07
*4*18	1e-12	1e-12	1e-12	3.98e-06	2e-09	5e-10	1e-12	1e-12	1e-12
*4*19	1e-12	1e-12	1e-12	4e-08	2e-09	5e-10	1e-12	1e-12	1e-12
*4*22	1e-12	1e-12	1e-12	2e-10	2e-09	5e-10	1e-12	1e-12	1e-12
*4*23	1e-12	1e-12	1e-12	1.2e-07	2e-09	5e-10	1e-12	1e-12	1e-12
*4*24	1e-12	1e-12	1e-12	4e-08	2e-09	5e-10	1e-12	1e-12	1e-12
*4*25	1e-12	1e-12	1e-12	4e-08	2e-09	5e-10	1e-12	1e-12	1e-12
*4*26	1e-12	1e-12	1e-12	2e-10	2e-09	5e-10	1e-12	1e-12	1e-12
*4*28	1e-12	1e-12	1e-12	2e-10	2e-09	5e-10	1e-12	1e-12	3.7e-09
*4*29	1e-12	1e-12	1e-12	4e-08	2e-09	5e-10	1e-12	1e-12	1e-12
*4*30	1e-12	1e-12	1e-12	4e-08	2e-09	5e-10	1e-12	1e-12	1e-12
*4*31	1e-12	1e-12	1e-12	4e-08	2e-09	5e-10	1e-12	1e-12	1e-12
*4*32	1e-12	1e-12	1e-12	4e-08	2e-09	5e-10	1e-12	1e-12	1e-12
*4*33	1e-12	1e-12	1e-12	4e-08	2e-09	5e-10	1e-12	1e-12	1e-12
*4*34	1e-12	1e-12	1e-12	2e-10	2e-09	5e-10	1e-12	1e-12	1e-12
*4*35	1.59e-08	1e-12	1e-12	2e-10	2e-09	5e-10	1e-12	1e-12	3.2099999999999996e-08
*4*38	1e-12	1e-12	1e-12	2e-10	2e-09	5e-10	1e-12	1e-12	1e-12
*5*1	5.467999999999999e-07	7.922e-07	5.436e-07	0.0019059200000000002	6.247e-07	7.165999999999999e-07	6.723e-07	1.8709999999999997e-07	5.514999999999999e-07
*5*2	1.8149999999999998e-07	1.214e-07	2.6989999999999995e-07	0.0009071999999999999	1.466e-07	1.0419999999999999e-07	1.198e-07	6.095e-07	1.5679999999999997e-07
*5*3	2.8e-09	4e-10	1.5699999999999998e-08	0.000232	1.7e-09	8e-10	1.65e-08	1.464e-07	2.7e-09
*5*4	1e-12	1e-12	1e-12	6.4e-07	2e-09	5e-10	1e-12	1e-12	1e-12
*5*5	1e-12	1e-12	1e-12	1.024e-05	1e-12	1e-12	1e-12	1e-12	1e-12
*5*6	1e-12	1e-12	1e-12	1.92e-06	2.9999999999999995e-10	1e-12	1e-12	1e-12	1e-12
*5*7	1e-12	1e-12	1e-12	3.2e-07	1e-12	1e-12	1e-12	1e-12	1e-12
*5*8	1.1e-09	1e-12	1e-12	3.2e-09	3.4e-09	1.2999999999999999e-09	1e-12	1e-12	1e-12
*5*9	1.4299999999999999e-08	1e-12	1e-12	3.2e-07	7e-10	8e-10	1e-12	1e-12	2.6999999999999997e-08
*5*10	3.2999999999999998e-09	1e-12	1e-12	3.2e-07	1e-12	1.1999999999999998e-09	1e-12	1e-12	1e-12
*5*11	1e-12	1e-12	1e-12	3.2e-09	1e-12	1e-12	1e-12	1e-12	1e-12
*5*12	1.1e-09	1e-12	1e-12	3.2e-07	1e-12	1e-12	1e-12	1e-12	1e-12
*5*13	1.2e-08	1e-12	1e-12	3.2e-07	2.2e-09	4e-09	1e-12	1e-12	1e-12
*5*14	1e-12	1e-12	1e-12	3.2e-07	1e-12	1e-12	1e-12	1e-12	1e-12
*5*15	1.4e-08	1e-12	1e-12	4.48e-06	2e-09	4e-09	1e-12	1e-12	5.29e-08
*5*16	1e-12	1e-12	1e-12	3.2e-09	1e-12	1e-12	1e-12	1e-12	1e-12
*5*17	2.0719999999999998e-07	8.61e-08	1.708e-07	6.560000000000001e-05	2.164e-07	1.666e-07	1.9139999999999998e-07	5.7e-08	1.733e-07
*5*18	1e-12	1e-12	1e-12	6.368e-05	1e-12	1e-12	1e-12	1e-12	1e-12
*5*19	1e-12	1e-12	1e-12	6.4e-07	1e-12	1e-12	1e-12	1e-12	1e-12
*5*22	1e-12	1e-12	1e-12	3.2e-09	1e-12	1e-12	1e-12	1e-12	1e-12
*5*23	1e-12	1e-12	1e-12	1.92e-06	1e-12	1e-12	1e-12	1e-12	1e-12
*5*24	1e-12	1e-12	1e-12	6.4e-07	1e-12	1e-12	1e-12	1e-12	1e-12
*5*25	1e-12	1e-12	1e-12	6.4e-07	1e-12	1e-12	1e-12	1e-12	1e-12
*5*26	1e-12	1e-12	1e-12	3.2e-09	1e-12	1e-12	1e-12	1e-12	1e-12
*5*28	1e-12	1e-12	1e-12	3.2e-09	1e-12	1e-12	1e-12	1e-12	3.7e-09
*5*29	1e-12	1e-12	1e-12	6.4e-07	1e-12	1e-12	1e-12	1e-12	1e-12
*5*30	1e-12	1e-12	1e-12	6.4e-07	1e-12	1e-12	1e-12	1e-12	1e-12
*5*31	1e-12	1e-12	1e-12	6.4e-07	1e-12	1e-12	1e-12	1e-12	1e-12
*5*32	1e-12	1e-12	1e-12	6.4e-07	1e-12	1e-12	1e-12	1e-12	1e-12
*5*33	1e-12	1e-12	1e-12	6.4e-07	1e-12	1e-12	1e-12	1e-12	1e-12
*5*34	1e-12	1e-12	1e-12	3.2e-09	1e-12	1e-12	1e-12	1e-12	1e-12
*5*35	1.59e-08	1e-12	1e-12	3.2e-09	1e-12	1e-12	1e-12	1e-12	3.2099999999999996e-08
*5*38	1e-12	1e-12	1e-12	3.2e-09	1e-12	1e-12	1e-12	1e-12	1e-12
*6*1	5.467999999999999e-07	7.922e-07	5.436e-07	0.00035736	0.00018741	7.165999999999999e-07	6.723e-07	1.8709999999999997e-07	5.514999999999999e-07
*6*2	1.8149999999999998e-07	1.214e-07	2.6989999999999995e-07	0.00017009999999999996	4.3979999999999996e-05	1.0419999999999999e-07	1.198e-07	6.095e-07	1.5679999999999997e-07
*6*3	2.8e-09	4e-10	1.5699999999999998e-08	4.3499999999999993e-05	5.099999999999999e-07	8e-10	1.65e-08	1.464e-07	2.7e-09
*6*4	1e-12	1e-12	1e-12	1.2e-07	6e-07	5e-10	1e-12	1e-12	1e-12
*6*5	1e-12	1e-12	1e-12	1.92e-06	2.9999999999999995e-10	1e-12	1e-12	1e-12	1e-12
*6*6	1e-12	1e-12	1e-12	3.5999999999999994e-07	8.999999999999999e-08	1e-12	1e-12	1e-12	1e-12
*6*7	1e-12	1e-12	1e-12	6e-08	2.9999999999999995e-10	1e-12	1e-12	1e-12	1e-12
*6*8	1.1e-09	1e-12	1e-12	5.999999999999999e-10	1.0199999999999998e-06	1.2999999999999999e-09	1e-12	1e-12	1e-12
*6*9	1.4299999999999999e-08	1e-12	1e-12	6e-08	2.0999999999999997e-07	8e-10	1e-12	1e-12	2.6999999999999997e-08
*6*10	3.2999999999999998e-09	1e-12	1e-12	6e-08	2.9999999999999995e-10	1.1999999999999998e-09	1e-12	1e-12	1e-12
*6*11	1e-12	1e-12	1e-12	5.999999999999999e-10	2.9999999999999995e-10	1e-12	1e-12	1e-12	1e-12
*6*12	1.1e-09	1e-12	1e-12	6e-08	2.9999999999999995e-10	1e-12	1e-12	1e-12	1e-12
*6*13	1.2e-08	1e-12	1e-12	6e-08	6.6e-07	4e-09	1e-12	1e-12	1e-12
*6*14	1e-12	1e-12	1e-12	6e-08	2.9999999999999995e-10	1e-12	1e-12	1e-12	1e-12
*6*15	1.4e-08	1e-12	1e-12	8.399999999999999e-07	6e-07	4e-09	1e-12	1e-12	5.29e-08
*6*16	1e-12	1e-12	1e-12	5.999999999999999e-10	2.9999999999999995e-10	1e-12	1e-12	1e-12	1e-12
*6*17	2.0719999999999998e-07	8.61e-08	1.708e-07	1.2299999999999999e-05	6.492e-05	1.666e-07	1.9139999999999998e-07	5.7e-08	1.733e-07
*6*18	1e-12	1e-12	1e-12	1.194e-05	2.9999999999999995e-10	1e-12	1e-12	1e-12	1e-12
*6*19	1e-12	1e-12	1e-12	1.2e-07	2.9999999999999995e-10	1e-12	1e-12	1e-12	1e-12
*6*22	1e-12	1e-12	1e-12	5.999999999999999e-10	2.9999999999999995e-10	1e-12	1e-12	1e-12	1e-12
*6*23	1e-12	1e-12	1e-12	3.5999999999999994e-07	2.9999999999999995e-10	1e-12	1e-12	1e-12	1e-12
*6*24	1e-12	1e-12	1e-12	1.2e-07	2.9999999999999995e-10	1e-12	1e-12	1e-12	1e-12
*6*25	1e-12	1e-12	1e-12	1.2e-07	2.9999999999999995e-10	1e-12	1e-12	1e-12	1e-12
*6*26	1e-12	1e-12	1e-12	5.999999999999999e-10	2.9999999999999995e-10	1e-12	1e-12	1e-12	1e-12
*6*28	1e-12	1e-12	1e-12	5.999999999999999e-10	2.9999999999999995e-10	1e-12	1e-12	1e-12	3.7e-09
*6*29	1e-12	1e-12	1e-12	1.2e-07	2.9999999999999995e-10	1e-12	1e-12	1e-12	1e-12
*6*30	1e-12	1e-12	1e-12	1.2e-07	2.9999999999999995e-10	1e-12	1e-12	1e-12	1e-12
*6*31	1e-12	1e-12	1e-12	1.2e-07	2.9999999999999995e-10	1e-12	1e-12	1e-12	1e-12
*6*32	1e-12	1e-12	1e-12	1.2e-07	2.9999999999999995e-10	1e-12	1e-12	1e-12	1e-12
*6*33	1e-12	1e-12	1e-12	1.2e-07	2.9999999999999995e-10	1e-12	1e-12	1e-12	1e-12
*6*34	1e-12	1e-12	1e-12	5.999999999999999e-10	2.9999999999999995e-10	1e-12	1e-12	1e-12	1e-12
*6*35	1.59e-08	1e-12	1e-12	5.999999999999999e-10	2.9999999999999995e-10	1e-12	1e-12	1e-12	3.2099999999999996e-08
*6*38	1e-12	1e-12	1e-12	5.999999999999999e-10	2.9999999999999995e-10	1e-12	1e-12	1e-12	1e-12
*7*1	5.467999999999999e-07	7.922e-07	5.436e-07	5.9560000000000006e-05	6.247e-07	7.165999999999999e-07	6.723e-07	1.8709999999999997e-07	5.514999999999999e-07
*7*2	1.8149999999999998e-07	1.214e-07	2.6989999999999995e-07	2.8349999999999998e-05	1.466e-07	1.0419999999999999e-07	1.198e-07	6.095e-07	1.5679999999999997e-07
*7*3	2.8e-09	4e-10	1.5699999999999998e-08	7.25e-06	1.7e-09	8e-10	1.65e-08	1.464e-07	2.7e-09
*7*4	1e-12	1e-12	1e-12	2e-08	2e-09	5e-10	1e-12	1e-12	1e-12
*7*5	1e-12	1e-12	1e-12	3.2e-07	1e-12	1e-12	1e-12	1e-12	1e-12
*7*6	1e-12	1e-12	1e-12	6e-08	2.9999999999999995e-10	1e-12	1e-12	1e-12	1e-12
*7*7	1e-12	1e-12	1e-12	1e-08	1e-12	1e-12	1e-12	1e-12	1e-12
*7*8	1.1e-09	1e-12	1e-12	1e-10	3.4e-09	1.2999999999999999e-09	1e-12	1e-12	1e-12
*7*9	1.4299999999999999e-08	1e-12	1e-12	1e-08	7e-10	8e-10	1e-12	1e-12	2.6999999999999997e-08
*7*10	3.2999999999999998e-09	1e-12	1e-12	1e-08	1e-12	1.1999999999999998e-09	1e-12	1e-12	1e-12
*7*11	1e-12	1e-12	1e-12	1e-10	1e-12	1e-12	1e-12	1e-12	1e-12
*7*12	1.1e-09	1e-12	1e-12	1e-08	1e-12	1e-12	1e-12	1e-12	1e-12
*7*13	1.2e-08	1e-12	1e-12	1e-08	2.2e-09	4e-09	1e-12	1e-12	1e-12
*7*14	1e-12	1e-12	1e-12	1e-08	1e-12	1e-12	1e-12	1e-12	1e-12
*7*15	1.4e-08	1e-12	1e-12	1.4e-07	2e-09	4e-09	1e-12	1e-12	5.29e-08
*7*16	1e-12	1e-12	1e-12	1e-10	1e-12	1e-12	1e-12	1e-12	1e-12
*7*17	2.0719999999999998e-07	8.61e-08	1.708e-07	2.0500000000000003e-06	2.164e-07	1.666e-07	1.9139999999999998e-07	5.7e-08	1.733e-07
*7*18	1e-12	1e-12	1e-12	1.99e-06	1e-12	1e-12	1e-12	1e-12	1e-12
*7*19	1e-12	1e-12	1e-12	2e-08	1e-12	1e-12	1e-12	1e-12	1e-12
*7*22	1e-12	1e-12	1e-12	1e-10	1e-12	1e-12	1e-12	1e-12	1e-12
*7*23	1e-12	1e-12	1e-12	6e-08	1e-12	1e-12	1e-12	1e-12	1e-12
*7*24	1e-12	1e-12	1e-12	2e-08	1e-12	1e-12	1e-12	1e-12	1e-12
*7*25	1e-12	1e-12	1e-12	2e-08	1e-12	1e-12	1e-12	1e-12	1e-12
*7*26	1e-12	1e-12	1e-12	1e-10	1e-12	1e-12	1e-12	1e-12	1e-12
*7*28	1e-12	1e-12	1e-12	1e-10	1e-12	1e-12	1e-12	1e-12	3.7e-09
*7*29	1e-12	1e-12	1e-12	2e-08	1e-12	1e-12	1e-12	1e-12	1e-12
*7*30	1e-12	1e-12	1e-12	2e-08	1e-12	1e-12	1e-12	1e-12	1e-12
*7*31	1e-12	1e-12	1e-12	2e-08	1e-12	1e-12	1e-12	1e-12	1e-12
*7*32	1e-12	1e-12	1e-12	2e-08	1e-12	1e-12	1e-12	1e-12	1e-12
*7*33	1e-12	1e-12	1e-12	2e-08	1e-12	1e-12	1e-12	1e-12	1e-12
*7*34	1e-12	1e-12	1e-12	1e-10	1e-12	1e-12	1e-12	1e-12	1e-12
*7*35	1.59e-08	1e-12	1e-12	1e-10	1e-12	1e-12	1e-12	1e-12	3.2099999999999996e-08
*7*38	1e-12	1e-12	1e-12	1e-10	1e-12	1e-12	1e-12	1e-12	1e-12
*8*1	0.0006014799999999999	7.922e-07	5.436e-07	5.956e-07	0.00212398	0.00093158	6.723e-07	1.8709999999999997e-07	5.514999999999999e-07
*8*2	0.00019965	1.214e-07	2.6989999999999995e-07	2.8349999999999996e-07	0.00049844	0.00013546	1.198e-07	6.095e-07	1.5679999999999997e-07
*8*3	3.08e-06	4e-10	1.5699999999999998e-08	7.25e-08	5.78e-06	1.04e-06	1.65e-08	1.464e-07	2.7e-09
*8*4	1.1e-09	1e-12	1e-12	2e-10	6.8e-06	6.5e-07	1e-12	1e-12	1e-12
*8*5	1.1e-09	1e-12	1e-12	3.2e-09	3.4e-09	1.2999999999999999e-09	1e-12	1e-12	1e-12
*8*6	1.1e-09	1e-12	1e-12	5.999999999999999e-10	1.0199999999999998e-06	1.2999999999999999e-09	1e-12	1e-12	1e-12
*8*7	1.1e-09	1e-12	1e-12	1e-10	3.4e-09	1.2999999999999999e-09	1e-12	1e-12	1e-12
*8*8	1.21e-06	1e-12	1e-12	1e-12	1.156e-05	1.69e-06	1e-12	1e-12	1e-12
*8*9	1.573e-05	1e-12	1e-12	1e-10	2.3799999999999997e-06	1.04e-06	1e-12	1e-12	2.6999999999999997e-08
*8*10	3.6300000000000004e-06	1e-12	1e-12	1e-10	3.4e-09	1.5599999999999999e-06	1e-12	1e-12	1e-12
*8*11	1.1e-09	1e-12	1e-12	1e-12	3.4e-09	1.2999999999999999e-09	1e-12	1e-12	1e-12
*8*12	1.21e-06	1e-12	1e-12	1e-10	3.4e-09	1.2999999999999999e-09	1e-12	1e-12	1e-12
*8*13	1.32e-05	1e-12	1e-12	1e-10	7.48e-06	5.2e-06	1e-12	1e-12	1e-12
*8*14	1.1e-09	1e-12	1e-12	1e-10	3.4e-09	1.2999999999999999e-09	1e-12	1e-12	1e-12
*8*15	1.54e-05	1e-12	1e-12	1.4e-09	6.8e-06	5.2e-06	1e-12	1e-12	5.29e-08
*8*16	1.1e-09	1e-12	1e-12	1e-12	3.4e-09	1.2999999999999999e-09	1e-12	1e-12	1e-12
*8*17	0.00022792	8.61e-08	1.708e-07	2.05e-08	0.00073576	0.00021658	1.9139999999999998e-07	5.7e-08	1.733e-07
*8*18	1.1e-09	1e-12	1e-12	1.99e-08	3.4e-09	1.2999999999999999e-09	1e-12	1e-12	1e-12
*8*19	1.1e-09	1e-12	1e-12	2e-10	3.4e-09	1.2999999999999999e-09	1e-12	1e-12	1e-12
*8*22	1.1e-09	1e-12	1e-12	1e-12	3.4e-09	1.2999999999999999e-09	1e-12	1e-12	1e-12
*8*23	1.1e-09	1e-12	1e-12	5.999999999999999e-10	3.4e-09	1.2999999999999999e-09	1e-12	1e-12	1e-12
*8*24	1.1e-09	1e-12	1e-12	2e-10	3.4e-09	1.2999999999999999e-09	1e-12	1e-12	1e-12
*8*25	1.1e-09	1e-12	1e-12	2e-10	3.4e-09	1.2999999999999999e-09	1e-12	1e-12	1e-12
*8*26	1.1e-09	1e-12	1e-12	1e-12	3.4e-09	1.2999999999999999e-09	1e-12	1e-12	1e-12
*8*28	1.1e-09	1e-12	1e-12	1e-12	3.4e-09	1.2999999999999999e-09	1e-12	1e-12	3.7e-09
*8*29	1.1e-09	1e-12	1e-12	2e-10	3.4e-09	1.2999999999999999e-09	1e-12	1e-12	1e-12
*8*30	1.1e-09	1e-12	1e-12	2e-10	3.4e-09	1.2999999999999999e-09	1e-12	1e-12	1e-12
*8*31	1.1e-09	1e-12	1e-12	2e-10	3.4e-09	1.2999999999999999e-09	1e-12	1e-12	1e-12
*8*32	1.1e-09	1e-12	1e-12	2e-10	3.4e-09	1.2999999999999999e-09	1e-12	1e-12	1e-12
*8*33	1.1e-09	1e-12	1e-12	2e-10	3.4e-09	1.2999999999999999e-09	1e-12	1e-12	1e-12
*8*34	1.1e-09	1e-12	1e-12	1e-12	3.4e-09	1.2999999999999999e-09	1e-12	1e-12	1e-12
*8*35	1.7490000000000004e-05	1e-12	1e-12	1e-12	3.4e-09	1.2999999999999999e-09	1e-12	1e-12	3.2099999999999996e-08
*8*38	1.1e-09	1e-12	1e-12	1e-12	3.4e-09	1.2999999999999999e-09	1e-12	1e-12	1e-12
*9*1	0.00781924	7.922e-07	5.436e-07	5.9560000000000006e-05	0.00043729	0.00057328	6.723e-07	1.8709999999999997e-07	0.0148905
*9*2	0.00259545	1.214e-07	2.6989999999999995e-07	2.8349999999999998e-05	0.00010262	8.336e-05	1.198e-07	6.095e-07	0.0042336
*9*3	4.004e-05	4e-10	1.5699999999999998e-08	7.25e-06	1.1899999999999998e-06	6.4e-07	1.65e-08	1.464e-07	7.29e-05
*9*4	1.4299999999999999e-08	1e-12	1e-12	2e-08	1.4e-06	4.0000000000000003e-07	1e-12	1e-12	2.6999999999999997e-08
*9*5	1.4299999999999999e-08	1e-12	1e-12	3.2e-07	7e-10	8e-10	1e-12	1e-12	2.6999999999999997e-08
*9*6	1.4299999999999999e-08	1e-12	1e-12	6e-08	2.0999999999999997e-07	8e-10	1e-12	1e-12	2.6999999999999997e-08
*9*7	1.4299999999999999e-08	1e-12	1e-12	1e-08	7e-10	8e-10	1e-12	1e-12	2.6999999999999997e-08
*9*8	1.573e-05	1e-12	1e-12	1e-10	2.3799999999999997e-06	1.04e-06	1e-12	1e-12	2.6999999999999997e-08
*9*9	0.00020449000000000002	1e-12	1e-12	1e-08	4.9e-07	6.4e-07	1e-12	1e-12	0.0007289999999999999
*9*10	4.719e-05	1e-12	1e-12	1e-08	7e-10	9.6e-07	1e-12	1e-12	2.6999999999999997e-08
*9*11	1.4299999999999999e-08	1e-12	1e-12	1e-10	7e-10	8e-10	1e-12	1e-12	2.6999999999999997e-08
*9*12	1.573e-05	1e-12	1e-12	1e-08	7e-10	8e-10	1e-12	1e-12	2.6999999999999997e-08
*9*13	0.0001716	1e-12	1e-12	1e-08	1.54e-06	3.2000000000000003e-06	1e-12	1e-12	2.6999999999999997e-08
*9*14	1.4299999999999999e-08	1e-12	1e-12	1e-08	7e-10	8e-10	1e-12	1e-12	2.6999999999999997e-08
*9*15	0.00020020000000000001	1e-12	1e-12	1.4e-07	1.4e-06	3.2000000000000003e-06	1e-12	1e-12	0.0014283
*9*16	1.4299999999999999e-08	1e-12	1e-12	1e-10	7e-10	8e-10	1e-12	1e-12	2.6999999999999997e-08
*9*17	0.00296296	8.61e-08	1.708e-07	2.0500000000000003e-06	0.00015148	0.00013328	1.9139999999999998e-07	5.7e-08	0.0046791
*9*18	1.4299999999999999e-08	1e-12	1e-12	1.99e-06	7e-10	8e-10	1e-12	1e-12	2.6999999999999997e-08
*9*19	1.4299999999999999e-08	1e-12	1e-12	2e-08	7e-10	8e-10	1e-12	1e-12	2.6999999999999997e-08
*9*22	1.4299999999999999e-08	1e-12	1e-12	1e-10	7e-10	8e-10	1e-12	1e-12	2.6999999999999997e-08
*9*23	1.4299999999999999e-08	1e-12	1e-12	6e-08	7e-10	8e-10	1e-12	1e-12	2.6999999999999997e-08
*9*24	1.4299999999999999e-08	1e-12	1e-12	2e-08	7e-10	8e-10	1e-12	1e-12	2.6999999999999997e-08
*9*25	1.4299999999999999e-08	1e-12	1e-12	2e-08	7e-10	8e-10	1e-12	1e-12	2.6999999999999997e-08
*9*26	1.4299999999999999e-08	1e-12	1e-12	1e-10	7e-10	8e-10	1e-12	1e-12	2.6999999999999997e-08
*9*28	1.4299999999999999e-08	1e-12	1e-12	1e-10	7e-10	8e-10	1e-12	1e-12	9.99e-05
*9*29	1.4299999999999999e-08	1e-12	1e-12	2e-08	7e-10	8e-10	1e-12	1e-12	2.6999999999999997e-08
*9*30	1.4299999999999999e-08	1e-12	1e-12	2e-08	7e-10	8e-10	1e-12	1e-12	2.6999999999999997e-08
*9*31	1.4299999999999999e-08	1e-12	1e-12	2e-08	7e-10	8e-10	1e-12	1e-12	2.6999999999999997e-08
*9*32	1.4299999999999999e-08	1e-12	1e-12	2e-08	7e-10	8e-10	1e-12	1e-12	2.6999999999999997e-08
*9*33	1.4299999999999999e-08	1e-12	1e-12	2e-08	7e-10	8e-10	1e-12	1e-12	2.6999999999999997e-08
*9*34	1.4299999999999999e-08	1e-12	1e-12	1e-10	7e-10	8e-10	1e-12	1e-12	2.6999999999999997e-08
*9*35	0.00022737	1e-12	1e-12	1e-10	7e-10	8e-10	1e-12	1e-12	0.0008666999999999999
*9*38	1.4299999999999999e-08	1e-12	1e-12	1e-10	7e-10	8e-10	1e-12	1e-12	2.6999999999999997e-08
*10*1	0.0018044399999999998	7.922e-07	5.436e-07	5.9560000000000006e-05	6.247e-07	0.0008599199999999999	6.723e-07	1.8709999999999997e-07	5.514999999999999e-07
*10*2	0.00059895	1.214e-07	2.6989999999999995e-07	2.8349999999999998e-05	1.466e-07	0.00012503999999999998	1.198e-07	6.095e-07	1.5679999999999997e-07
*10*3	9.24e-06	4e-10	1.5699999999999998e-08	7.25e-06	1.7e-09	9.6e-07	1.65e-08	1.464e-07	2.7e-09
*10*4	3.2999999999999998e-09	1e-12	1e-12	2e-08	2e-09	6e-07	1e-12	1e-12	1e-12
*10*5	3.2999999999999998e-09	1e-12	1e-12	3.2e-07	1e-12	1.1999999999999998e-09	1e-12	1e-12	1e-12
*10*6	3.2999999999999998e-09	1e-12	1e-12	6e-08	2.9999999999999995e-10	1.1999999999999998e-09	1e-12	1e-12	1e-12
*10*7	3.2999999999999998e-09	1e-12	1e-12	1e-08	1e-12	1.1999999999999998e-09	1e-12	1e-12	1e-12
*10*8	3.6300000000000004e-06	1e-12	1e-12	1e-10	3.4e-09	1.5599999999999999e-06	1e-12	1e-12	1e-12
*10*9	4.719e-05	1e-12	1e-12	1e-08	7e-10	9.6e-07	1e-12	1e-12	2.6999999999999997e-08
*10*10	1.0889999999999999e-05	1e-12	1e-12	1e-08	1e-12	1.4399999999999998e-06	1e-12	1e-12	1e-12
*10*11	3.2999999999999998e-09	1e-12	1e-12	1e-10	1e-12	1.1999999999999998e-09	1e-12	1e-12	1e-12
*10*12	3.6300000000000004e-06	1e-12	1e-12	1e-08	1e-12	1.1999999999999998e-09	1e-12	1e-12	1e-12
*10*13	3.96e-05	1e-12	1e-12	1e-08	2.2e-09	4.8e-06	1e-12	1e-12	1e-12
*10*14	3.2999999999999998e-09	1e-12	1e-12	1e-08	1e-12	1.1999999999999998e-09	1e-12	1e-12	1e-12
*10*15	4.62e-05	1e-12	1e-12	1.4e-07	2e-09	4.8e-06	1e-12	1e-12	5.29e-08
*10*16	3.2999999999999998e-09	1e-12	1e-12	1e-10	1e-12	1.1999999999999998e-09	1e-12	1e-12	1e-12
*10*17	0.0006837599999999999	8.61e-08	1.708e-07	2.0500000000000003e-06	2.164e-07	0.00019991999999999997	1.9139999999999998e-07	5.7e-08	1.733e-07
*10*18	3.2999999999999998e-09	1e-12	1e-12	1.99e-06	1e-12	1.1999999999999998e-09	1e-12	1e-12	1e-12
*10*19	3.2999999999999998e-09	1e-12	1e-12	2e-08	1e-12	1.1999999999999998e-09	1e-12	1e-12	1e-12
*10*22	3.2999999999999998e-09	1e-12	1e-12	1e-10	1e-12	1.1999999999999998e-09	1e-12	1e-12	1e-12
*10*23	3.2999999999999998e-09	1e-12	1e-12	6e-08	1e-12	1.1999999999999998e-09	1e-12	1e-12	1e-12
*10*24	3.2999999999999998e-09	1e-12	1e-12	2e-08	1e-12	1.1999999999999998e-09	1e-12	1e-12	1e-12
*10*25	3.2999999999999998e-09	1e-12	1e-12	2e-08	1e-12	1.1999999999999998e-09	1e-12	1e-12	1e-12
*10*26	3.2999999999999998e-09	1e-12	1e-12	1e-10	1e-12	1.1999999999999998e-09	1e-12	1e-12	1e-12
*10*28	3.2999999999999998e-09	1e-12	1e-12	1e-10	1e-12	1.1999999999999998e-09	1e-12	1e-12	3.7e-09
*10*29	3.2999999999999998e-09	1e-12	1e-12	2e-08	1e-12	1.1999999999999998e-09	1e-12	1e-12	1e-12
*10*30	3.2999999999999998e-09	1e-12	1e-12	2e-08	1e-12	1.1999999999999998e-09	1e-12	1e-12	1e-12
*10*31	3.2999999999999998e-09	1e-12	1e-12	2e-08	1e-12	1.1999999999999998e-09	1e-12	1e-12	1e-12
*10*32	3.2999999999999998e-09	1e-12	1e-12	2e-08	1e-12	1.1999999999999998e-09	1e-12	1e-12	1e-12
*10*33	3.2999999999999998e-09	1e-12	1e-12	2e-08	1e-12	1.1999999999999998e-09	1e-12	1e-12	1e-12
*10*34	3.2999999999999998e-09	1e-12	1e-12	1e-10	1e-12	1.1999999999999998e-09	1e-12	1e-12	1e-12
*10*35	5.2470000000000004e-05	1e-12	1e-12	1e-10	1e-12	1.1999999999999998e-09	1e-12	1e-12	3.2099999999999996e-08
*10*38	3.2999999999999998e-09	1e-12	1e-12	1e-10	1e-12	1.1999999999999998e-09	1e-12	1e-12	1e-12
*11*1	5.467999999999999e-07	7.922e-07	5.436e-07	5.956e-07	6.247e-07	7.165999999999999e-07	6.723e-07	1.8709999999999997e-07	5.514999999999999e-07
*11*2	1.8149999999999998e-07	1.214e-07	2.6989999999999995e-07	2.8349999999999996e-07	1.466e-07	1.0419999999999999e-07	1.198e-07	6.095e-07	1.5679999999999997e-07
*11*3	2.8e-09	4e-10	1.5699999999999998e-08	7.25e-08	1.7e-09	8e-10	1.65e-08	1.464e-07	2.7e-09
*11*4	1e-12	1e-12	1e-12	2e-10	2e-09	5e-10	1e-12	1e-12	1e-12
*11*5	1e-12	1e-12	1e-12	3.2e-09	1e-12	1e-12	1e-12	1e-12	1e-12
*11*6	1e-12	1e-12	1e-12	5.999999999999999e-10	2.9999999999999995e-10	1e-12	1e-12	1e-12	1e-12
*11*7	1e-12	1e-12	1e-12	1e-10	1e-12	1e-12	1e-12	1e-12	1e-12
*11*8	1.1e-09	1e-12	1e-12	1e-12	3.4e-09	1.2999999999999999e-09	1e-12	1e-12	1e-12
*11*9	1.4299999999999999e-08	1e-12	1e-12	1e-10	7e-10	8e-10	1e-12	1e-12	2.6999999999999997e-08
*11*10	3.2999999999999998e-09	1e-12	1e-12	1e-10	1e-12	1.1999999999999998e-09	1e-12	1e-12	1e-12
*11*11	1e-12	1e-12	1e-12	1e-12	1e-12	1e-12	1e-12	1e-12	1e-12
*11*12	1.1e-09	1e-12	1e-12	1e-10	1e-12	1e-12	1e-12	1e-12	1e-12
*11*13	1.2e-08	1e-12	1e-12	1e-10	2.2e-09	4e-09	1e-12	1e-12	1e-12
*11*14	1e-12	1e-12	1e-12	1e-10	1e-12	1e-12	1e-12	1e-12	1e-12
*11*15	1.4e-08	1e-12	1e-12	1.4e-09	2e-09	4e-09	1e-12	1e-12	5.29e-08
*11*16	1e-12	1e-12	1e-12	1e-12	1e-12	1e-12	1e-12	1e-12	1e-12
*11*17	2.0719999999999998e-07	8.61e-08	1.708e-07	2.05e-08	2.164e-07	1.666e-07	1.9139999999999998e-07	5.7e-08	1.733e-07
*11*18	1e-12	1e-12	1e-12	1.99e-08	1e-12	1e-12	1e-12	1e-12	1e-12
*11*19	1e-12	1e-12	1e-12	2e-10	1e-12	1e-12	1e-12	1e-12	1e-12
*11*22	1e-12	1e-12	1e-12	1e-12	1e-12	1e-12	1e-12	1e-12	1e-12
*11*23	1e-12	1e-12	1e-12	5.999999999999999e-10	1e-12	1e-12	1e-12	1e-12	1e-12
*11*24	1e-12	1e-12	1e-12	2e-10	1e-12	1e-12	1e-12	1e-12	1e-12
*11*25	1e-12	1e-12	1e-12	2e-10	1e-12	1e-12	1e-12	1e-12	1e-12
*11*26	1e-12	1e-12	1e-12	1e-12	1e-12	1e-12	1e-12	1e-12	1e-12
*11*28	1e-12	1e-12	1e-12	1e-12	1e-12	1e-12	1e-12	1e-12	3.7e-09
*11*29	1e-12	1e-12	1e-12	2e-10	1e-12	1e-12	1e-12	1e-12	1e-12
*11*30	1e-12	1e-12	1e-12	2e-10	1e-12	1e-12	1e-12	1e-12	1e-12
*11*31	1e-12	1e-12	1e-12	2e-10	1e-12	1e-12	1e-12	1e-12	1e-12
*11*32	1e-12	1e-12	1e-12	2e-10	1e-12	1e-12	1e-12	1e-12	1e-12
*11*33	1e-12	1e-12	1e-12	2e-10	1e-12	1e-12	1e-12	1e-12	1e-12
*11*34	1e-12	1e-12	1e-12	1e-12	1e-12	1e-12	1e-12	1e-12	1e-12
*11*35	1.59e-08	1e-12	1e-12	1e-12	1e-12	1e-12	1e-12	1e-12	3.2099999999999996e-08
*11*38	1e-12	1e-12	1e-12	1e-12	1e-12	1e-12	1e-12	1e-12	1e-12
*12*1	0.0006014799999999999	7.922e-07	5.436e-07	5.9560000000000006e-05	6.247e-07	7.165999999999999e-07	6.723e-07	1.8709999999999997e-07	5.514999999999999e-07
*12*2	0.00019965	1.214e-07	2.6989999999999995e-07	2.8349999999999998e-05	1.466e-07	1.0419999999999999e-07	1.198e-07	6.095e-07	1.5679999999999997e-07
*12*3	3.08e-06	4e-10	1.5699999999999998e-08	7.25e-06	1.7e-09	8e-10	1.65e-08	1.464e-07	2.7e-09
*12*4	1.1e-09	1e-12	1e-12	2e-08	2e-09	5e-10	1e-12	1e-12	1e-12
*12*5	1.1e-09	1e-12	1e-12	3.2e-07	1e-12	1e-12	1e-12	1e-12	1e-12
*12*6	1.1e-09	1e-12	1e-12	6e-08	2.9999999999999995e-10	1e-12	1e-12	1e-12	1e-12
*12*7	1.1e-09	1e-12	1e-12	1e-08	1e-12	1e-12	1e-12	1e-12	1e-12
*12*8	1.21e-06	1e-12	1e-12	1e-10	3.4e-09	1.2999999999999999e-09	1e-12	1e-12	1e-12
*12*9	1.573e-05	1e-12	1e-12	1e-08	7e-10	8e-10	1e-12	1e-12	2.6999999999999997e-08
*12*10	3.6300000000000004e-06	1e-12	1e-12	1e-08	1e-12	1.1999999999999998e-09	1e-12	1e-12	1e-12
*12*11	1.1e-09	1e-12	1e-12	1e-10	1e-12	1e-12	1e-12	1e-12	1e-12
*12*12	1.21e-06	1e-12	1e-12	1e-08	1e-12	1e-12	1e-12	1e-12	1e-12
*12*13	1.32e-05	1e-12	1e-12	1e-08	2.2e-09	4e-09	1e-12	1e-12	1e-12
*12*14	1.1e-09	1e-12	1e-12	1e-08	1e-12	1e-12	1e-12	1e-12	1e-12
*12*15	1.54e-05	1e-12	1e-12	1.4e-07	2e-09	4e-09	1e-12	1e-12	5.29e-08
*12*16	1.1e-09	1e-12	1e-12	1e-10	1e-12	1e-12	1e-12	1e-12	1e-12
*12*17	0.00022792	8.61e-08	1.708e-07	2.0500000000000003e-06	2.164e-07	1.666e-07	1.9139999999999998e-07	5.7e-08	1.733e-07
*12*18	1.1e-09	1e-12	1e-12	1.99e-06	1e-12	1e-12	1e-12	1e-12	1e-12
*12*19	1.1e-09	1e-12	1e-12	2e-08	1e-12	1e-12	1e-12	1e-12	1e-12
*12*22	1.1e-09	1e-12	1e-12	1e-10	1e-12	1e-12	1e-12	1e-12	1e-12
*12*23	1.1e-09	1e-12	1e-12	6e-08	1e-12	1e-12	1e-12	1e-12	1e-12
*12*24	1.1e-09	1e-12	1e-12	2e-08	1e-12	1e-12	1e-12	1e-12	1e-12
*12*25	1.1e-09	1e-12	1e-12	2e-08	1e-12	1e-12	1e-12	1e-12	1e-12
*12*26	1.1e-09	1e-12	1e-12	1e-10	1e-12	1e-12	1e-12	1e-12	1e-12
*12*28	1.1e-09	1e-12	1e-12	1e-10	1e-12	1e-12	1e-12	1e-12	3.7e-09
*12*29	1.1e-09	1e-12	1e-12	2e-08	1e-12	1e-12	1e-12	1e-12	1e-12
*12*30	1.1e-09	1e-12	1e-12	2e-08	1e-12	1e-12	1e-12	1e-12	1e-12
*12*31	1.1e-09	1e-12	1e-12	2e-08	1e-12	1e-12	1e-12	1e-12	1e-12
*12*32	1.1e-09	1e-12	1e-12	2e-08	1e-12	1e-12	1e-12	1e-12	1e-12
*12*33	1.1e-09	1e-12	1e-12	2e-08	1e-12	1e-12	1e-12	1e-12	1e-12
*12*34	1.1e-09	1e-12	1e-12	1e-10	1e-12	1e-12	1e-12	1e-12	1e-12
*12*35	1.7490000000000004e-05	1e-12	1e-12	1e-10	1e-12	1e-12	1e-12	1e-12	3.2099999999999996e-08
*12*38	1.1e-09	1e-12	1e-12	1e-10	1e-12	1e-12	1e-12	1e-12	1e-12
*13*1	0.0065616	7.922e-07	5.436e-07	5.9560000000000006e-05	0.0013743400000000002	0.0028664000000000003	6.723e-07	1.8709999999999997e-07	5.514999999999999e-07
*13*2	0.002178	1.214e-07	2.6989999999999995e-07	2.8349999999999998e-05	0.00032252	0.0004168	1.198e-07	6.095e-07	1.5679999999999997e-07
*13*3	3.3600000000000004e-05	4e-10	1.5699999999999998e-08	7.25e-06	3.74e-06	3.2000000000000003e-06	1.65e-08	1.464e-07	2.7e-09
*13*4	1.2e-08	1e-12	1e-12	2e-08	4.4e-06	2e-06	1e-12	1e-12	1e-12
*13*5	1.2e-08	1e-12	1e-12	3.2e-07	2.2e-09	4e-09	1e-12	1e-12	1e-12
*13*6	1.2e-08	1e-12	1e-12	6e-08	6.6e-07	4e-09	1e-12	1e-12	1e-12
*13*7	1.2e-08	1e-12	1e-12	1e-08	2.2e-09	4e-09	1e-12	1e-12	1e-12
*13*8	1.32e-05	1e-12	1e-12	1e-10	7.48e-06	5.2e-06	1e-12	1e-12	1e-12
*13*9	0.0001716	1e-12	1e-12	1e-08	1.54e-06	3.2000000000000003e-06	1e-12	1e-12	2.6999999999999997e-08
*13*10	3.96e-05	1e-12	1e-12	1e-08	2.2e-09	4.8e-06	1e-12	1e-12	1e-12
*13*11	1.2e-08	1e-12	1e-12	1e-10	2.2e-09	4e-09	1e-12	1e-12	1e-12
*13*12	1.32e-05	1e-12	1e-12	1e-08	2.2e-09	4e-09	1e-12	1e-12	1e-12
*13*13	0.000144	1e-12	1e-12	1e-08	4.84e-06	1.6e-05	1e-12	1e-12	1e-12
*13*14	1.2e-08	1e-12	1e-12	1e-08	2.2e-09	4e-09	1e-12	1e-12	1e-12
*13*15	0.00016800000000000002	1e-12	1e-12	1.4e-07	4.4e-06	1.6e-05	1e-12	1e-12	5.29e-08
*13*16	1.2e-08	1e-12	1e-12	1e-10	2.2e-09	4e-09	1e-12	1e-12	1e-12
*13*17	0.0024864	8.61e-08	1.708e-07	2.0500000000000003e-06	0.00047608000000000004	0.0006664	1.9139999999999998e-07	5.7e-08	1.733e-07
*13*18	1.2e-08	1e-12	1e-12	1.99e-06	2.2e-09	4e-09	1e-12	1e-12	1e-12
*13*19	1.2e-08	1e-12	1e-12	2e-08	2.2e-09	4e-09	1e-12	1e-12	1e-12
*13*22	1.2e-08	1e-12	1e-12	1e-10	2.2e-09	4e-09	1e-12	1e-12	1e-12
*13*23	1.2e-08	1e-12	1e-12	6e-08	2.2e-09	4e-09	1e-12	1e-12	1e-12
*13*24	1.2e-08	1e-12	1e-12	2e-08	2.2e-09	4e-09	1e-12	1e-12	1e-12
*13*25	1.2e-08	1e-12	1e-12	2e-08	2.2e-09	4e-09	1e-12	1e-12	1e-12
*13*26	1.2e-08	1e-12	1e-12	1e-10	2.2e-09	4e-09	1e-12	1e-12	1e-12
*13*28	1.2e-08	1e-12	1e-12	1e-10	2.2e-09	4e-09	1e-12	1e-12	3.7e-09
*13*29	1.2e-08	1e-12	1e-12	2e-08	2.2e-09	4e-09	1e-12	1e-12	1e-12
*13*30	1.2e-08	1e-12	1e-12	2e-08	2.2e-09	4e-09	1e-12	1e-12	1e-12
*13*31	1.2e-08	1e-12	1e-12	2e-08	2.2e-09	4e-09	1e-12	1e-12	1e-12
*13*32	1.2e-08	1e-12	1e-12	2e-08	2.2e-09	4e-09	1e-12	1e-12	1e-12
*13*33	1.2e-08	1e-12	1e-12	2e-08	2.2e-09	4e-09	1e-12	1e-12	1e-12
*13*34	1.2e-08	1e-12	1e-12	1e-10	2.2e-09	4e-09	1e-12	1e-12	1e-12
*13*35	0.0001908	1e-12	1e-12	1e-10	2.2e-09	4e-09	1e-12	1e-12	3.2099999999999996e-08
*13*38	1.2e-08	1e-12	1e-12	1e-10	2.2e-09	4e-09	1e-12	1e-12	1e-12
*14*1	5.467999999999999e-07	7.922e-07	5.436e-07	5.9560000000000006e-05	6.247e-07	7.165999999999999e-07	6.723e-07	1.8709999999999997e-07	5.514999999999999e-07
*14*2	1.8149999999999998e-07	1.214e-07	2.6989999999999995e-07	2.8349999999999998e-05	1.466e-07	1.0419999999999999e-07	1.198e-07	6.095e-07	1.5679999999999997e-07
*14*3	2.8e-09	4e-10	1.5699999999999998e-08	7.25e-06	1.7e-09	8e-10	1.65e-08	1.464e-07	2.7e-09
*14*4	1e-12	1e-12	1e-12	2e-08	2e-09	5e-10	1e-12	1e-12	1e-12
*14*5	1e-12	1e-12	1e-12	3.2e-07	1e-12	1e-12	1e-12	1e-12	1e-12
*14*6	1e-12	1e-12	1e-12	6e-08	2.9999999999999995e-10	1e-12	1e-12	1e-12	1e-12
*14*7	1e-12	1e-12	1e-12	1e-08	1e-12	1e-12	1e-12	1e-12	1e-12
*14*8	1.1e-09	1e-12	1e-12	1e-10	3.4e-09	1.2999999999999999e-09	1e-12	1e-12	1e-12
*14*9	1.4299999999999999e-08	1e-12	1e-12	1e-08	7e-10	8e-10	1e-12	1e-12	2.6999999999999997e-08
*14*10	3.2999999999999998e-09	1e-12	1e-12	1e-08	1e-12	1.1999999999999998e-09	1e-12	1e-12	1e-12
*14*11	1e-12	1e-12	1e-12	1e-10	1e-12	1e-12	1e-12	1e-12	1e-12
*14*12	1.1e-09	1e-12	1e-12	1e-08	1e-12	1e-12	1e-12	1e-12	1e-12
*14*13	1.2e-08	1e-12	1e-12	1e-08	2.2e-09	4e-09	1e-12	1e-12	1e-12
*14*14	1e-12	1e-12	1e-12	1e-08	1e-12	1e-12	1e-12	1e-12	1e-12
*14*15	1.4e-08	1e-12	1e-12	1.4e-07	2e-09	4e-09	1e-12	1e-12	5.29e-08
*14*16	1e-12	1e-12	1e-12	1e-10	1e-12	1e-12	1e-12	1e-12	1e-12
*14*17	2.0719999999999998e-07	8.61e-08	1.708e-07	2.0500000000000003e-06	2.164e-07	1.666e-07	1.9139999999999998e-07	5.7e-08	1.733e-07
*14*18	1e-12	1e-12	1e-12	1.99e-06	1e-12	1e-12	1e-12	1e-12	1e-12
*14*19	1e-12	1e-12	1e-12	2e-08	1e-12	1e-12	1e-12	1e-12	1e-12
*14*22	1e-12	1e-12	1e-12	1e-10	1e-12	1e-12	1e-12	1e-12	1e-12
*14*23	1e-12	1e-12	1e-12	6e-08	1e-12	1e-12	1e-12	1e-12	1e-12
*14*24	1e-12	1e-12	1e-12	2e-08	1e-12	1e-12	1e-12	1e-12	1e-12
*14*25	1e-12	1e-12	1e-12	2e-08	1e-12	1e-12	1e-12	1e-12	1e-12
*14*26	1e-12	1e-12	1e-12	1e-10	1e-12	1e-12	1e-12	1e-12	1e-12
*14*28	1e-12	1e-12	1e-12	1e-10	1e-12	1e-12	1e-12	1e-12	3.7e-09
*14*29	1e-12	1e-12	1e-12	2e-08	1e-12	1e-12	1e-12	1e-12	1e-12
*14*30	1e-12	1e-12	1e-12	2e-08	1e-12	1e-12	1e-12	1e-12	1e-12
*14*31	1e-12	1e-12	1e-12	2e-08	1e-12	1e-12	1e-12	1e-12	1e-12
*14*32	1e-12	1e-12	1e-12	2e-08	1e-12	1e-12	1e-12	1e-12	1e-12
*14*33	1e-12	1e-12	1e-12	2e-08	1e-12	1e-12	1e-12	1e-12	1e-12
*14*34	1e-12	1e-12	1e-12	1e-10	1e-12	1e-12	1e-12	1e-12	1e-12
*14*35	1.59e-08	1e-12	1e-12	1e-10	1e-12	1e-12	1e-12	1e-12	3.2099999999999996e-08
*14*38	1e-12	1e-12	1e-12	1e-10	1e-12	1e-12	1e-12	1e-12	1e-12
*15*1	0.007655199999999999	7.922e-07	5.436e-07	0.00083384	0.0012494000000000001	0.0028664000000000003	6.723e-07	1.8709999999999997e-07	0.02917435
*15*2	0.002541	1.214e-07	2.6989999999999995e-07	0.00039689999999999994	0.0002932	0.0004168	1.198e-07	6.095e-07	0.00829472
*15*3	3.92e-05	4e-10	1.5699999999999998e-08	0.00010149999999999999	3.4e-06	3.2000000000000003e-06	1.65e-08	1.464e-07	0.00014283
*15*4	1.4e-08	1e-12	1e-12	2.8e-07	4e-06	2e-06	1e-12	1e-12	5.29e-08
*15*5	1.4e-08	1e-12	1e-12	4.48e-06	2e-09	4e-09	1e-12	1e-12	5.29e-08
*15*6	1.4e-08	1e-12	1e-12	8.399999999999999e-07	6e-07	4e-09	1e-12	1e-12	5.29e-08
*15*7	1.4e-08	1e-12	1e-12	1.4e-07	2e-09	4e-09	1e-12	1e-12	5.29e-08
*15*8	1.54e-05	1e-12	1e-12	1.4e-09	6.8e-06	5.2e-06	1e-12	1e-12	5.29e-08
*15*9	0.00020020000000000001	1e-12	1e-12	1.4e-07	1.4e-06	3.2000000000000003e-06	1e-12	1e-12	0.0014283
*15*10	4.62e-05	1e-12	1e-12	1.4e-07	2e-09	4.8e-06	1e-12	1e-12	5.29e-08
*15*11	1.4e-08	1e-12	1e-12	1.4e-09	2e-09	4e-09	1e-12	1e-12	5.29e-08
*15*12	1.54e-05	1e-12	1e-12	1.4e-07	2e-09	4e-09	1e-12	1e-12	5.29e-08
*15*13	0.00016800000000000002	1e-12	1e-12	1.4e-07	4.4e-06	1.6e-05	1e-12	1e-12	5.29e-08
*15*14	1.4e-08	1e-12	1e-12	1.4e-07	2e-09	4e-09	1e-12	1e-12	5.29e-08
*15*15	0.00019600000000000002	1e-12	1e-12	1.96e-06	4e-06	1.6e-05	1e-12	1e-12	0.0027984100000000003
*15*16	1.4e-08	1e-12	1e-12	1.4e-09	2e-09	4e-09	1e-12	1e-12	5.29e-08
*15*17	0.0029008	8.61e-08	1.708e-07	2.87e-05	0.0004328	0.0006664	1.9139999999999998e-07	5.7e-08	0.009167570000000002
*15*18	1.4e-08	1e-12	1e-12	2.786e-05	2e-09	4e-09	1e-12	1e-12	5.29e-08
*15*19	1.4e-08	1e-12	1e-12	2.8e-07	2e-09	4e-09	1e-12	1e-12	5.29e-08
*15*22	1.4e-08	1e-12	1e-12	1.4e-09	2e-09	4e-09	1e-12	1e-12	5.29e-08
*15*23	1.4e-08	1e-12	1e-12	8.399999999999999e-07	2e-09	4e-09	1e-12	1e-12	5.29e-08
*15*24	1.4e-08	1e-12	1e-12	2.8e-07	2e-09	4e-09	1e-12	1e-12	5.29e-08
*15*25	1.4e-08	1e-12	1e-12	2.8e-07	2e-09	4e-09	1e-12	1e-12	5.29e-08
*15*26	1.4e-08	1e-12	1e-12	1.4e-09	2e-09	4e-09	1e-12	1e-12	5.29e-08
*15*28	1.4e-08	1e-12	1e-12	1.4e-09	2e-09	4e-09	1e-12	1e-12	0.00019573000000000003
*15*29	1.4e-08	1e-12	1e-12	2.8e-07	2e-09	4e-09	1e-12	1e-12	5.29e-08
*15*30	1.4e-08	1e-12	1e-12	2.8e-07	2e-09	4e-09	1e-12	1e-12	5.29e-08
*15*31	1.4e-08	1e-12	1e-12	2.8e-07	2e-09	4e-09	1e-12	1e-12	5.29e-08
*15*32	1.4e-08	1e-12	1e-12	2.8e-07	2e-09	4e-09	1e-12	1e-12	5.29e-08
*15*33	1.4e-08	1e-12	1e-12	2.8e-07	2e-09	4e-09	1e-12	1e-12	5.29e-08
*15*34	1.4e-08	1e-12	1e-12	1.4e-09	2e-09	4e-09	1e-12	1e-12	5.29e-08
*15*35	0.00022260000000000002	1e-12	1e-12	1.4e-09	2e-09	4e-09	1e-12	1e-12	0.00169809
*15*38	1.4e-08	1e-12	1e-12	1.4e-09	2e-09	4e-09	1e-12	1e-12	5.29e-08
*16*1	5.467999999999999e-07	7.922e-07	5.436e-07	5.956e-07	6.247e-07	7.165999999999999e-07	6.723e-07	1.8709999999999997e-07	5.514999999999999e-07
*16*2	1.8149999999999998e-07	1.214e-07	2.6989999999999995e-07	2.8349999999999996e-07	1.466e-07	1.0419999999999999e-07	1.198e-07	6.095e-07	1.5679999999999997e-07
*16*3	2.8e-09	4e-10	1.5699999999999998e-08	7.25e-08	1.7e-09	8e-10	1.65e-08	1.464e-07	2.7e-09
*16*4	1e-12	1e-12	1e-12	2e-10	2e-09	5e-10	1e-12	1e-12	1e-12
*16*5	1e-12	1e-12	1e-12	3.2e-09	1e-12	1e-12	1e-12	1e-12	1e-12
*16*6	1e-12	1e-12	1e-12	5.999999999999999e-10	2.9999999999999995e-10	1e-12	1e-12	1e-12	1e-12
*16*7	1e-12	1e-12	1e-12	1e-10	1e-12	1e-12	1e-12	1e-12	1e-12
*16*8	1.1e-09	1e-12	1e-12	1e-12	3.4e-09	1.2999999999999999e-09	1e-12	1e-12	1e-12
*16*9	1.4299999999999999e-08	1e-12	1e-12	1e-10	7e-10	8e-10	1e-12	1e-12	2.6999999999999997e-08
*16*10	3.2999999999999998e-09	1e-12	1e-12	1e-10	1e-12	1.1999999999999998e-09	1e-12	1e-12	1e-12
*16*11	1e-12	1e-12	1e-12	1e-12	1e-12	1e-12	1e-12	1e-12	1e-12
*16*12	1.1e-09	1e-12	1e-12	1e-10	1e-12	1e-12	1e-12	1e-12	1e-12
*16*13	1.2e-08	1e-12	1e-12	1e-10	2.2e-09	4e-09	1e-12	1e-12	1e-12
*16*14	1e-12	1e-12	1e-12	1e-10	1e-12	1e-12	1e-12	1e-12	1e-12
*16*15	1.4e-08	1e-12	1e-12	1.4e-09	2e-09	4e-09	1e-12	1e-12	5.29e-08
*16*16	1e-12	1e-12	1e-12	1e-12	1e-12	1e-12	1e-12	1e-12	1e-12
*16*17	2.0719999999999998e-07	8.61e-08	1.708e-07	2.05e-08	2.164e-07	1.666e-07	1.9139999999999998e-07	5.7e-08	1.733e-07
*16*18	1e-12	1e-12	1e-12	1.99e-08	1e-12	1e-12	1e-12	1e-12	1e-12
*16*19	1e-12	1e-12	1e-12	2e-10	1e-12	1e-12	1e-12	1e-12	1e-12
*16*22	1e-12	1e-12	1e-12	1e-12	1e-12	1e-12	1e-12	1e-12	1e-12
*16*23	1e-12	1e-12	1e-12	5.999999999999999e-10	1e-12	1e-12	1e-12	1e-12	1e-12
*16*24	1e-12	1e-12	1e-12	2e-10	1e-12	1e-12	1e-12	1e-12	1e-12
*16*25	1e-12	1e-12	1e-12	2e-10	1e-12	1e-12	1e-12	1e-12	1e-12
*16*26	1e-12	1e-12	1e-12	1e-12	1e-12	1e-12	1e-12	1e-12	1e-12
*16*28	1e-12	1e-12	1e-12	1e-12	1e-12	1e-12	1e-12	1e-12	3.7e-09
*16*29	1e-12	1e-12	1e-12	2e-10	1e-12	1e-12	1e-12	1e-12	1e-12
*16*30	1e-12	1e-12	1e-12	2e-10	1e-12	1e-12	1e-12	1e-12	1e-12
*16*31	1e-12	1e-12	1e-12	2e-10	1e-12	1e-12	1e-12	1e-12	1e-12
*16*32	1e-12	1e-12	1e-12	2e-10	1e-12	1e-12	1e-12	1e-12	1e-12
*16*33	1e-12	1e-12	1e-12	2e-10	1e-12	1e-12	1e-12	1e-12	1e-12
*16*34	1e-12	1e-12	1e-12	1e-12	1e-12	1e-12	1e-12	1e-12	1e-12
*16*35	1.59e-08	1e-12	1e-12	1e-12	1e-12	1e-12	1e-12	1e-12	3.2099999999999996e-08
*16*38	1e-12	1e-12	1e-12	1e-12	1e-12	1e-12	1e-12	1e-12	1e-12
*17*1	0.11329695999999999	0.06820841999999999	0.09284687999999999	0.012209800000000002	0.13518508	0.11938556	0.12867821999999998	0.0106647	0.09557495
*17*2	0.037606799999999996	0.01045254	0.046098919999999995	0.00581175	0.03172424	0.01735972	0.02292972	0.0347415	0.02717344
*17*3	0.00058016	3.444e-05	0.00268156	0.00148625	0.00036788	0.00013328	0.0031581	0.008344800000000001	0.00046791000000000004
*17*4	2.0719999999999998e-07	8.61e-08	1.708e-07	4.1000000000000006e-06	0.0004328	8.33e-05	1.9139999999999998e-07	5.7e-08	1.733e-07
*17*5	2.0719999999999998e-07	8.61e-08	1.708e-07	6.560000000000001e-05	2.164e-07	1.666e-07	1.9139999999999998e-07	5.7e-08	1.733e-07
*17*6	2.0719999999999998e-07	8.61e-08	1.708e-07	1.2299999999999999e-05	6.492e-05	1.666e-07	1.9139999999999998e-07	5.7e-08	1.733e-07
*17*7	2.0719999999999998e-07	8.61e-08	1.708e-07	2.0500000000000003e-06	2.164e-07	1.666e-07	1.9139999999999998e-07	5.7e-08	1.733e-07
*17*8	0.00022792	8.61e-08	1.708e-07	2.05e-08	0.00073576	0.00021658	1.9139999999999998e-07	5.7e-08	1.733e-07
*17*9	0.00296296	8.61e-08	1.708e-07	2.0500000000000003e-06	0.00015148	0.00013328	1.9139999999999998e-07	5.7e-08	0.0046791
*17*10	0.0006837599999999999	8.61e-08	1.708e-07	2.0500000000000003e-06	2.164e-07	0.00019991999999999997	1.9139999999999998e-07	5.7e-08	1.733e-07
*17*11	2.0719999999999998e-07	8.61e-08	1.708e-07	2.05e-08	2.164e-07	1.666e-07	1.9139999999999998e-07	5.7e-08	1.733e-07
*17*12	0.00022792	8.61e-08	1.708e-07	2.0500000000000003e-06	2.164e-07	1.666e-07	1.9139999999999998e-07	5.7e-08	1.733e-07
*17*13	0.0024864	8.61e-08	1.708e-07	2.0500000000000003e-06	0.00047608000000000004	0.0006664	1.9139999999999998e-07	5.7e-08	1.733e-07
*17*14	2.0719999999999998e-07	8.61e-08	1.708e-07	2.0500000000000003e-06	2.164e-07	1.666e-07	1.9139999999999998e-07	5.7e-08	1.733e-07
*17*15	0.0029008	8.61e-08	1.708e-07	2.87e-05	0.0004328	0.0006664	1.9139999999999998e-07	5.7e-08	0.009167570000000002
*17*16	2.0719999999999998e-07	8.61e-08	1.708e-07	2.05e-08	2.164e-07	1.666e-07	1.9139999999999998e-07	5.7e-08	1.733e-07
*17*17	0.04293184	0.007413209999999999	0.029172640000000003	0.00042025000000000005	0.04682896	0.02775556	0.03663395999999999	0.003249	0.030032890000000003
*17*18	2.0719999999999998e-07	8.61e-08	1.708e-07	0.00040795	2.164e-07	1.666e-07	1.9139999999999998e-07	5.7e-08	1.733e-07
*17*19	2.0719999999999998e-07	8.61e-08	1.708e-07	4.1000000000000006e-06	2.164e-07	1.666e-07	1.9139999999999998e-07	5.7e-08	1.733e-07
*17*22	2.0719999999999998e-07	8.61e-08	1.708e-07	2.05e-08	2.164e-07	1.666e-07	1.9139999999999998e-07	5.7e-08	1.733e-07
*17*23	2.0719999999999998e-07	8.61e-08	1.708e-07	1.2299999999999999e-05	2.164e-07	1.666e-07	1.9139999999999998e-07	5.7e-08	1.733e-07
*17*24	2.0719999999999998e-07	8.61e-08	1.708e-07	4.1000000000000006e-06	2.164e-07	1.666e-07	1.9139999999999998e-07	5.7e-08	1.733e-07
*17*25	2.0719999999999998e-07	8.61e-08	1.708e-07	4.1000000000000006e-06	2.164e-07	1.666e-07	1.9139999999999998e-07	5.7e-08	1.733e-07
*17*26	2.0719999999999998e-07	8.61e-08	1.708e-07	2.05e-08	2.164e-07	1.666e-07	1.9139999999999998e-07	5.7e-08	1.733e-07
*17*28	2.0719999999999998e-07	8.61e-08	1.708e-07	2.05e-08	2.164e-07	1.666e-07	1.9139999999999998e-07	5.7e-08	0.00064121
*17*29	2.0719999999999998e-07	8.61e-08	1.708e-07	4.1000000000000006e-06	2.164e-07	1.666e-07	1.9139999999999998e-07	5.7e-08	1.733e-07
*17*30	2.0719999999999998e-07	8.61e-08	1.708e-07	4.1000000000000006e-06	2.164e-07	1.666e-07	1.9139999999999998e-07	5.7e-08	1.733e-07
*17*31	2.0719999999999998e-07	8.61e-08	1.708e-07	4.1000000000000006e-06	2.164e-07	1.666e-07	1.9139999999999998e-07	5.7e-08	1.733e-07
*17*32	2.0719999999999998e-07	8.61e-08	1.708e-07	4.1000000000000006e-06	2.164e-07	1.666e-07	1.9139999999999998e-07	5.7e-08	1.733e-07
*17*33	2.0719999999999998e-07	8.61e-08	1.708e-07	4.1000000000000006e-06	2.164e-07	1.666e-07	1.9139999999999998e-07	5.7e-08	1.733e-07
*17*34	2.0719999999999998e-07	8.61e-08	1.708e-07	2.05e-08	2.164e-07	1.666e-07	1.9139999999999998e-07	5.7e-08	1.733e-07
*17*35	0.0032944800000000002	8.61e-08	1.708e-07	2.05e-08	2.164e-07	1.666e-07	1.9139999999999998e-07	5.7e-08	0.00556293
*17*38	2.0719999999999998e-07	8.61e-08	1.708e-07	2.05e-08	2.164e-07	1.666e-07	1.9139999999999998e-07	5.7e-08	1.733e-07
*18*1	5.467999999999999e-07	7.922e-07	5.436e-07	0.01185244	6.247e-07	7.165999999999999e-07	6.723e-07	1.8709999999999997e-07	5.514999999999999e-07
*18*2	1.8149999999999998e-07	1.214e-07	2.6989999999999995e-07	0.00564165	1.466e-07	1.0419999999999999e-07	1.198e-07	6.095e-07	1.5679999999999997e-07
*18*3	2.8e-09	4e-10	1.5699999999999998e-08	0.00144275	1.7e-09	8e-10	1.65e-08	1.464e-07	2.7e-09
*18*4	1e-12	1e-12	1e-12	3.98e-06	2e-09	5e-10	1e-12	1e-12	1e-12
*18*5	1e-12	1e-12	1e-12	6.368e-05	1e-12	1e-12	1e-12	1e-12	1e-12
*18*6	1e-12	1e-12	1e-12	1.194e-05	2.9999999999999995e-10	1e-12	1e-12	1e-12	1e-12
*18*7	1e-12	1e-12	1e-12	1.99e-06	1e-12	1e-12	1e-12	1e-12	1e-12
*18*8	1.1e-09	1e-12	1e-12	1.99e-08	3.4e-09	1.2999999999999999e-09	1e-12	1e-12	1e-12
*18*9	1.4299999999999999e-08	1e-12	1e-12	1.99e-06	7e-10	8e-10	1e-12	1e-12	2.6999999999999997e-08
*18*10	3.2999999999999998e-09	1e-12	1e-12	1.99e-06	1e-12	1.1999999999999998e-09	1e-12	1e-12	1e-12
*18*11	1e-12	1e-12	1e-12	1.99e-08	1e-12	1e-12	1e-12	1e-12	1e-12
*18*12	1.1e-09	1e-12	1e-12	1.99e-06	1e-12	1e-12	1e-12	1e-12	1e-12
*18*13	1.2e-08	1e-12	1e-12	1.99e-06	2.2e-09	4e-09	1e-12	1e-12	1e-12
*18*14	1e-12	1e-12	1e-12	1.99e-06	1e-12	1e-12	1e-12	1e-12	1e-12
*18*15	1.4e-08	1e-12	1e-12	2.786e-05	2e-09	4e-09	1e-12	1e-12	5.29e-08
*18*16	1e-12	1e-12	1e-12	1.99e-08	1e-12	1e-12	1e-12	1e-12	1e-12
*18*17	2.0719999999999998e-07	8.61e-08	1.708e-07	0.00040795	2.164e-07	1.666e-07	1.9139999999999998e-07	5.7e-08	1.733e-07
*18*18	1e-12	1e-12	1e-12	0.00039601	1e-12	1e-12	1e-12	1e-12	1e-12
*18*19	1e-12	1e-12	1e-12	3.98e-06	1e-12	1e-12	1e-12	1e-12	1e-12
*18*22	1e-12	1e-12	1e-12	1.99e-08	1e-12	1e-12	1e-12	1e-12	1e-12
*18*23	1e-12	1e-12	1e-12	1.194e-05	1e-12	1e-12	1e-12	1e-12	1e-12
*18*24	1e-12	1e-12	1e-12	3.98e-06	1e-12	1e-12	1e-12	1e-12	1e-12
*18*25	1e-12	1e-12	1e-12	3.98e-06	1e-12	1e-12	1e-12	1e-12	1e-12
*18*26	1e-12	1e-12	1e-12	1.99e-08	1e-12	1e-12	1e-12	1e-12	1e-12
*18*28	1e-12	1e-12	1e-12	1.99e-08	1e-12	1e-12	1e-12	1e-12	3.7e-09
*18*29	1e-12	1e-12	1e-12	3.98e-06	1e-12	1e-12	1e-12	1e-12	1e-12
*18*30	1e-12	1e-12	1e-12	3.98e-06	1e-12	1e-12	1e-12	1e-12	1e-12
*18*31	1e-12	1e-12	1e-12	3.98e-06	1e-12	1e-12	1e-12	1e-12	1e-12
*18*32	1e-12	1e-12	1e-12	3.98e-06	1e-12	1e-12	1e-12	1e-12	1e-12
*18*33	1e-12	1e-12	1e-12	3.98e-06	1e-12	1e-12	1e-12	1e-12	1e-12
*18*34	1e-12	1e-12	1e-12	1.99e-08	1e-12	1e-12	1e-12	1e-12	1e-12
*18*35	1.59e-08	1e-12	1e-12	1.99e-08	1e-12	1e-12	1e-12	1e-12	3.2099999999999996e-08
*18*38	1e-12	1e-12	1e-12	1.99e-08	1e-12	1e-12	1e-12	1e-12	1e-12
*19*1	5.467999999999999e-07	7.922e-07	5.436e-07	0.00011912000000000001	6.247e-07	7.165999999999999e-07	6.723e-07	1.8709999999999997e-07	5.514999999999999e-07
*19*2	1.8149999999999998e-07	1.214e-07	2.6989999999999995e-07	5.6699999999999996e-05	1.466e-07	1.0419999999999999e-07	1.198e-07	6.095e-07	1.5679999999999997e-07
*19*3	2.8e-09	4e-10	1.5699999999999998e-08	1.45e-05	1.7e-09	8e-10	1.65e-08	1.464e-07	2.7e-09
*19*4	1e-12	1e-12	1e-12	4e-08	2e-09	5e-10	1e-12	1e-12	1e-12
*19*5	1e-12	1e-12	1e-12	6.4e-07	1e-12	1e-12	1e-12	1e-12	1e-12
*19*6	1e-12	1e-12	1e-12	1.2e-07	2.9999999999999995e-10	1e-12	1e-12	1e-12	1e-12
*19*7	1e-12	1e-12	1e-12	2e-08	1e-12	1e-12	1e-12	1e-12	1e-12
*19*8	1.1e-09	1e-12	1e-12	2e-10	3.4e-09	1.2999999999999999e-09	1e-12	1e-12	1e-12
*19*9	1.4299999999999999e-08	1e-12	1e-12	2e-08	7e-10	8e-10	1e-12	1e-12	2.6999999999999997e-08
*19*10	3.2999999999999998e-09	1e-12	1e-12	2e-08	1e-12	1.1999999999999998e-09	1e-12	1e-12	1e-12
*19*11	1e-12	1e-12	1e-12	2e-10	1e-12	1e-12	1e-12	1e-12	1e-12
*19*12	1.1e-09	1e-12	1e-12	2e-08	1e-12	1e-12	1e-12	1e-12	1e-12
*19*13	1.2e-08	1e-12	1e-12	2e-08	2.2e-09	4e-09	1e-12	1e-12	1e-12
*19*14	1e-12	1e-12	1e-12	2e-08	1e-12	1e-12	1e-12	1e-12	1e-12
*19*15	1.4e-08	1e-12	1e-12	2.8e-07	2e-09	4e-09	1e-12	1e-12	5.29e-08
*19*16	1e-12	1e-12	1e-12	2e-10	1e-12	1e-12	1e-12	1e-12	1e-12
*19*17	2.0719999999999998e-07	8.61e-08	1.708e-07	4.1000000000000006e-06	2.164e-07	1.666e-07	1.9139999999999998e-07	5.7e-08	1.733e-07
*19*18	1e-12	1e-12	1e-12	3.98e-06	1e-12	1e-12	1e-12	1e-12	1e-12
*19*19	1e-12	1e-12	1e-12	4e-08	1e-12	1e-12	1e-12	1e-12	1e-12
*19*22	1e-12	1e-12	1e-12	2e-10	1e-12	1e-12	1e-12	1e-12	1e-12
*19*23	1e-12	1e-12	1e-12	1.2e-07	1e-12	1e-12	1e-12	1e-12	1e-12
*19*24	1e-12	1e-12	1e-12	4e-08	1e-12	1e-12	1e-12	1e-12	1e-12
*19*25	1e-12	1e-12	1e-12	4e-08	1e-12	1e-12	1e-12	1e-12	1e-12
*19*26	1e-12	1e-12	1e-12	2e-10	1e-12	1e-12	1e-12	1e-12	1e-12
*19*28	1e-12	1e-12	1e-12	2e-10	1e-12	1e-12	1e-12	1e-12	3.7e-09
*19*29	1e-12	1e-12	1e-12	4e-08	1e-12	1e-12	1e-12	1e-12	1e-12
*19*30	1e-12	1e-12	1e-12	4e-08	1e-12	1e-12	1e-12	1e-12	1e-12
*19*31	1e-12	1e-12	1e-12	4e-08	1e-12	1e-12	1e-12	1e-12	1e-12
*19*32	1e-12	1e-12	1e-12	4e-08	1e-12	1e-12	1e-12	1e-12	1e-12
*19*33	1e-12	1e-12	1e-12	4e-08	1e-12	1e-12	1e-12	1e-12	1e-12
*19*34	1e-12	1e-12	1e-12	2e-10	1e-12	1e-12	1e-12	1e-12	1e-12
*19*35	1.59e-08	1e-12	1e-12	2e-10	1e-12	1e-12	1e-12	1e-12	3.2099999999999996e-08
*19*38	1e-12	1e-12	1e-12	2e-10	1e-12	1e-12	1e-12	1e-12	1e-12
*22*1	5.467999999999999e-07	7.922e-07	5.436e-07	5.956e-07	6.247e-07	7.165999999999999e-07	6.723e-07	1.8709999999999997e-07	5.514999999999999e-07
*22*2	1.8149999999999998e-07	1.214e-07	2.6989999999999995e-07	2.8349999999999996e-07	1.466e-07	1.0419999999999999e-07	1.198e-07	6.095e-07	1.5679999999999997e-07
*22*3	2.8e-09	4e-10	1.5699999999999998e-08	7.25e-08	1.7e-09	8e-10	1.65e-08	1.464e-07	2.7e-09
*22*4	1e-12	1e-12	1e-12	2e-10	2e-09	5e-10	1e-12	1e-12	1e-12
*22*5	1e-12	1e-12	1e-12	3.2e-09	1e-12	1e-12	1e-12	1e-12	1e-12
*22*6	1e-12	1e-12	1e-12	5.999999999999999e-10	2.9999999999999995e-10	1e-12	1e-12	1e-12	1e-12
*22*7	1e-12	1e-12	1e-12	1e-10	1e-12	1e-12	1e-12	1e-12	1e-12
*22*8	1.1e-09	1e-12	1e-12	1e-12	3.4e-09	1.2999999999999999e-09	1e-12	1e-12	1e-12
*22*9	1.4299999999999999e-08	1e-12	1e-12	1e-10	7e-10	8e-10	1e-12	1e-12	2.6999999999999997e-08
*22*10	3.2999999999999998e-09	1e-12	1e-12	1e-10	1e-12	1.1999999999999998e-09	1e-12	1e-12	1e-12
*22*11	1e-12	1e-12	1e-12	1e-12	1e-12	1e-12	1e-12	1e-12	1e-12
*22*12	1.1e-09	1e-12	1e-12	1e-10	1e-12	1e-12	1e-12	1e-12	1e-12
*22*13	1.2e-08	1e-12	1e-12	1e-10	2.2e-09	4e-09	1e-12	1e-12	1e-12
*22*14	1e-12	1e-12	1e-12	1e-10	1e-12	1e-12	1e-12	1e-12	1e-12
*22*15	1.4e-08	1e-12	1e-12	1.4e-09	2e-09	4e-09	1e-12	1e-12	5.29e-08
*22*16	1e-12	1e-12	1e-12	1e-12	1e-12	1e-12	1e-12	1e-12	1e-12
*22*17	2.0719999999999998e-07	8.61e-08	1.708e-07	2.05e-08	2.164e-07	1.666e-07	1.9139999999999998e-07	5.7e-08	1.733e-07
*22*18	1e-12	1e-12	1e-12	1.99e-08	1e-12	1e-12	1e-12	1e-12	1e-12
*22*19	1e-12	1e-12	1e-12	2e-10	1e-12	1e-12	1e-12	1e-12	1e-12
*22*22	1e-12	1e-12	1e-12	1e-12	1e-12	1e-12	1e-12	1e-12	1e-12
*22*23	1e-12	1e-12	1e-12	5.999999999999999e-10	1e-12	1e-12	1e-12	1e-12	1e-12
*22*24	1e-12	1e-12	1e-12	2e-10	1e-12	1e-12	1e-12	1e-12	1e-12
*22*25	1e-12	1e-12	1e-12	2e-10	1e-12	1e-12	1e-12	1e-12	1e-12
*22*26	1e-12	1e-12	1e-12	1e-12	1e-12	1e-12	1e-12	1e-12	1e-12
*22*28	1e-12	1e-12	1e-12	1e-12	1e-12	1e-12	1e-12	1e-12	3.7e-09
*22*29	1e-12	1e-12	1e-12	2e-10	1e-12	1e-12	1e-12	1e-12	1e-12
*22*30	1e-12	1e-12	1e-12	2e-10	1e-12	1e-12	1e-12	1e-12	1e-12
*22*31	1e-12	1e-12	1e-12	2e-10	1e-12	1e-12	1e-12	1e-12	1e-12
*22*32	1e-12	1e-12	1e-12	2e-10	1e-12	1e-12	1e-12	1e-12	1e-12
*22*33	1e-12	1e-12	1e-12	2e-10	1e-12	1e-12	1e-12	1e-12	1e-12
*22*34	1e-12	1e-12	1e-12	1e-12	1e-12	1e-12	1e-12	1e-12	1e-12
*22*35	1.59e-08	1e-12	1e-12	1e-12	1e-12	1e-12	1e-12	1e-12	3.2099999999999996e-08
*22*38	1e-12	1e-12	1e-12	1e-12	1e-12	1e-12	1e-12	1e-12	1e-12
*23*1	5.467999999999999e-07	7.922e-07	5.436e-07	0.00035736	6.247e-07	7.165999999999999e-07	6.723e-07	1.8709999999999997e-07	5.514999999999999e-07
*23*2	1.8149999999999998e-07	1.214e-07	2.6989999999999995e-07	0.00017009999999999996	1.466e-07	1.0419999999999999e-07	1.198e-07	6.095e-07	1.5679999999999997e-07
*23*3	2.8e-09	4e-10	1.5699999999999998e-08	4.3499999999999993e-05	1.7e-09	8e-10	1.65e-08	1.464e-07	2.7e-09
*23*4	1e-12	1e-12	1e-12	1.2e-07	2e-09	5e-10	1e-12	1e-12	1e-12
*23*5	1e-12	1e-12	1e-12	1.92e-06	1e-12	1e-12	1e-12	1e-12	1e-12
*23*6	1e-12	1e-12	1e-12	3.5999999999999994e-07	2.9999999999999995e-10	1e-12	1e-12	1e-12	1e-12
*23*7	1e-12	1e-12	1e-12	6e-08	1e-12	1e-12	1e-12	1e-12	1e-12
*23*8	1.1e-09	1e-12	1e-12	5.999999999999999e-10	3.4e-09	1.2999999999999999e-09	1e-12	1e-12	1e-12
*23*9	1.4299999999999999e-08	1e-12	1e-12	6e-08	7e-10	8e-10	1e-12	1e-12	2.6999999999999997e-08
*23*10	3.2999999999999998e-09	1e-12	1e-12	6e-08	1e-12	1.1999999999999998e-09	1e-12	1e-12	1e-12
*23*11	1e-12	1e-12	1e-12	5.999999999999999e-10	1e-12	1e-12	1e-12	1e-12	1e-12
*23*12	1.1e-09	1e-12	1e-12	6e-08	1e-12	1e-12	1e-12	1e-12	1e-12
*23*13	1.2e-08	1e-12	1e-12	6e-08	2.2e-09	4e-09	1e-12	1e-12	1e-12
*23*14	1e-12	1e-12	1e-12	6e-08	1e-12	1e-12	1e-12	1e-12	1e-12
*23*15	1.4e-08	1e-12	1e-12	8.399999999999999e-07	2e-09	4e-09	1e-12	1e-12	5.29e-08
*23*16	1e-12	1e-12	1e-12	5.999999999999999e-10	1e-12	1e-12	1e-12	1e-12	1e-12
*23*17	2.0719999999999998e-07	8.61e-08	1.708e-07	1.2299999999999999e-05	2.164e-07	1.666e-07	1.9139999999999998e-07	5.7e-08	1.733e-07
*23*18	1e-12	1e-12	1e-12	1.194e-05	1e-12	1e-12	1e-12	1e-12	1e-12
*23*19	1e-12	1e-12	1e-12	1.2e-07	1e-12	1e-12	1e-12	1e-12	1e-12
*23*22	1e-12	1e-12	1e-12	5.999999999999999e-10	1e-12	1e-12	1e-12	1e-12	1e-12
*23*23	1e-12	1e-12	1e-12	3.5999999999999994e-07	1e-12	1e-12	1e-12	1e-12	1e-12
*23*24	1e-12	1e-12	1e-12	1.2e-07	1e-12	1e-12	1e-12	1e-12	1e-12
*23*25	1e-12	1e-12	1e-12	1.2e-07	1e-12	1e-12	1e-12	1e-12	1e-12
*23*26	1e-12	1e-12	1e-12	5.999999999999999e-10	1e-12	1e-12	1e-12	1e-12	1e-12
*23*28	1e-12	1e-12	1e-12	5.999999999999999e-10	1e-12	1e-12	1e-12	1e-12	3.7e-09
*23*29	1e-12	1e-12	1e-12	1.2e-07	1e-12	1e-12	1e-12	1e-12	1e-12
*23*30	1e-12	1e-12	1e-12	1.2e-07	1e-12	1e-12	1e-12	1e-12	1e-12
*23*31	1e-12	1e-12	1e-12	1.2e-07	1e-12	1e-12	1e-12	1e-12	1e-12
*23*32	1e-12	1e-12	1e-12	1.2e-07	1e-12	1e-12	1e-12	1e-12	1e-12
*23*33	1e-12	1e-12	1e-12	1.2e-07	1e-12	1e-12	1e-12	1e-12	1e-12
*23*34	1e-12	1e-12	1e-12	5.999999999999999e-10	1e-12	1e-12	1e-12	1e-12	1e-12
*23*35	1.59e-08	1e-12	1e-12	5.999999999999999e-10	1e-12	1e-12	1e-12	1e-12	3.2099999999999996e-08
*23*38	1e-12	1e-12	1e-12	5.999999999999999e-10	1e-12	1e-12	1e-12	1e-12	1e-12
*24*1	5.467999999999999e-07	7.922e-07	5.436e-07	0.00011912000000000001	6.247e-07	7.165999999999999e-07	6.723e-07	1.8709999999999997e-07	5.514999999999999e-07
*24*2	1.8149999999999998e-07	1.214e-07	2.6989999999999995e-07	5.6699999999999996e-05	1.466e-07	1.0419999999999999e-07	1.198e-07	6.095e-07	1.5679999999999997e-07
*24*3	2.8e-09	4e-10	1.5699999999999998e-08	1.45e-05	1.7e-09	8e-10	1.65e-08	1.464e-07	2.7e-09
*24*4	1e-12	1e-12	1e-12	4e-08	2e-09	5e-10	1e-12	1e-12	1e-12
*24*5	1e-12	1e-12	1e-12	6.4e-07	1e-12	1e-12	1e-12	1e-12	1e-12
*24*6	1e-12	1e-12	1e-12	1.2e-07	2.9999999999999995e-10	1e-12	1e-12	1e-12	1e-12
*24*7	1e-12	1e-12	1e-12	2e-08	1e-12	1e-12	1e-12	1e-12	1e-12
*24*8	1.1e-09	1e-12	1e-12	2e-10	3.4e-09	1.2999999999999999e-09	1e-12	1e-12	1e-12
*24*9	1.4299999999999999e-08	1e-12	1e-12	2e-08	7e-10	8e-10	1e-12	1e-12	2.6999999999999997e-08
*24*10	3.2999999999999998e-09	1e-12	1e-12	2e-08	1e-12	1.1999999999999998e-09	1e-12	1e-12	1e-12
*24*11	1e-12	1e-12	1e-12	2e-10	1e-12	1e-12	1e-12	1e-12	1e-12
*24*12	1.1e-09	1e-12	1e-12	2e-08	1e-12	1e-12	1e-12	1e-12	1e-12
*24*13	1.2e-08	1e-12	1e-12	2e-08	2.2e-09	4e-09	1e-12	1e-12	1e-12
*24*14	1e-12	1e-12	1e-12	2e-08	1e-12	1e-12	1e-12	1e-12	1e-12
*24*15	1.4e-08	1e-12	1e-12	2.8e-07	2e-09	4e-09	1e-12	1e-12	5.29e-08
*24*16	1e-12	1e-12	1e-12	2e-10	1e-12	1e-12	1e-12	1e-12	1e-12
*24*17	2.0719999999999998e-07	8.61e-08	1.708e-07	4.1000000000000006e-06	2.164e-07	1.666e-07	1.9139999999999998e-07	5.7e-08	1.733e-07
*24*18	1e-12	1e-12	1e-12	3.98e-06	1e-12	1e-12	1e-12	1e-12	1e-12
*24*19	1e-12	1e-12	1e-12	4e-08	1e-12	1e-12	1e-12	1e-12	1e-12
*24*22	1e-12	1e-12	1e-12	2e-10	1e-12	1e-12	1e-12	1e-12	1e-12
*24*23	1e-12	1e-12	1e-12	1.2e-07	1e-12	1e-12	1e-12	1e-12	1e-12
*24*24	1e-12	1e-12	1e-12	4e-08	1e-12	1e-12	1e-12	1e-12	1e-12
*24*25	1e-12	1e-12	1e-12	4e-08	1e-12	1e-12	1e-12	1e-12	1e-12
*24*26	1e-12	1e-12	1e-12	2e-10	1e-12	1e-12	1e-12	1e-12	1e-12
*24*28	1e-12	1e-12	1e-12	2e-10	1e-12	1e-12	1e-12	1e-12	3.7e-09
*24*29	1e-12	1e-12	1e-12	4e-08	1e-12	1e-12	1e-12	1e-12	1e-12
*24*30	1e-12	1e-12	1e-12	4e-08	1e-12	1e-12	1e-12	1e-12	1e-12
*24*31	1e-12	1e-12	1e-12	4e-08	1e-12	1e-12	1e-12	1e-12	1e-12
*24*32	1e-12	1e-12	1e-12	4e-08	1e-12	1e-12	1e-12	1e-12	1e-12
*24*33	1e-12	1e-12	1e-12	4e-08	1e-12	1e-12	1e-12	1e-12	1e-12
*24*34	1e-12	1e-12	1e-12	2e-10	1e-12	1e-12	1e-12	1e-12	1e-12
*24*35	1.59e-08	1e-12	1e-12	2e-10	1e-12	1e-12	1e-12	1e-12	3.2099999999999996e-08
*24*38	1e-12	1e-12	1e-12	2e-10	1e-12	1e-12	1e-12	1e-12	1e-12
*25*1	5.467999999999999e-07	7.922e-07	5.436e-07	0.00011912000000000001	6.247e-07	7.165999999999999e-07	6.723e-07	1.8709999999999997e-07	5.514999999999999e-07
*25*2	1.8149999999999998e-07	1.214e-07	2.6989999999999995e-07	5.6699999999999996e-05	1.466e-07	1.0419999999999999e-07	1.198e-07	6.095e-07	1.5679999999999997e-07
*25*3	2.8e-09	4e-10	1.5699999999999998e-08	1.45e-05	1.7e-09	8e-10	1.65e-08	1.464e-07	2.7e-09
*25*4	1e-12	1e-12	1e-12	4e-08	2e-09	5e-10	1e-12	1e-12	1e-12
*25*5	1e-12	1e-12	1e-12	6.4e-07	1e-12	1e-12	1e-12	1e-12	1e-12
*25*6	1e-12	1e-12	1e-12	1.2e-07	2.9999999999999995e-10	1e-12	1e-12	1e-12	1e-12
*25*7	1e-12	1e-12	1e-12	2e-08	1e-12	1e-12	1e-12	1e-12	1e-12
*25*8	1.1e-09	1e-12	1e-12	2e-10	3.4e-09	1.2999999999999999e-09	1e-12	1e-12	1e-12
*25*9	1.4299999999999999e-08	1e-12	1e-12	2e-08	7e-10	8e-10	1e-12	1e-12	2.6999999999999997e-08
*25*10	3.2999999999999998e-09	1e-12	1e-12	2e-08	1e-12	1.1999999999999998e-09	1e-12	1e-12	1e-12
*25*11	1e-12	1e-12	1e-12	2e-10	1e-12	1e-12	1e-12	1e-12	1e-12
*25*12	1.1e-09	1e-12	1e-12	2e-08	1e-12	1e-12	1e-12	1e-12	1e-12
*25*13	1.2e-08	1e-12	1e-12	2e-08	2.2e-09	4e-09	1e-12	1e-12	1e-12
*25*14	1e-12	1e-12	1e-12	2e-08	1e-12	1e-12	1e-12	1e-12	1e-12
*25*15	1.4e-08	1e-12	1e-12	2.8e-07	2e-09	4e-09	1e-12	1e-12	5.29e-08
*25*16	1e-12	1e-12	1e-12	2e-10	1e-12	1e-12	1e-12	1e-12	1e-12
*25*17	2.0719999999999998e-07	8.61e-08	1.708e-07	4.1000000000000006e-06	2.164e-07	1.666e-07	1.9139999999999998e-07	5.7e-08	1.733e-07
*25*18	1e-12	1e-12	1e-12	3.98e-06	1e-12	1e-12	1e-12	1e-12	1e-12
*25*19	1e-12	1e-12	1e-12	4e-08	1e-12	1e-12	1e-12	1e-12	1e-12
*25*22	1e-12	1e-12	1e-12	2e-10	1e-12	1e-12	1e-12	1e-12	1e-12
*25*23	1e-12	1e-12	1e-12	1.2e-07	1e-12	1e-12	1e-12	1e-12	1e-12
*25*24	1e-12	1e-12	1e-12	4e-08	1e-12	1e-12	1e-12	1e-12	1e-12
*25*25	1e-12	1e-12	1e-12	4e-08	1e-12	1e-12	1e-12	1e-12	1e-12
*25*26	1e-12	1e-12	1e-12	2e-10	1e-12	1e-12	1e-12	1e-12	1e-12
*25*28	1e-12	1e-12	1e-12	2e-10	1e-12	1e-12	1e-12	1e-12	3.7e-09
*25*29	1e-12	1e-12	1e-12	4e-08	1e-12	1e-12	1e-12	1e-12	1e-12
*25*30	1e-12	1e-12	1e-12	4e-08	1e-12	1e-12	1e-12	1e-12	1e-12
*25*31	1e-12	1e-12	1e-12	4e-08	1e-12	1e-12	1e-12	1e-12	1e-12
*25*32	1e-12	1e-12	1e-12	4e-08	1e-12	1e-12	1e-12	1e-12	1e-12
*25*33	1e-12	1e-12	1e-12	4e-08	1e-12	1e-12	1e-12	1e-12	1e-12
*25*34	1e-12	1e-12	1e-12	2e-10	1e-12	1e-12	1e-12	1e-12	1e-12
*25*35	1.59e-08	1e-12	1e-12	2e-10	1e-12	1e-12	1e-12	1e-12	3.2099999999999996e-08
*25*38	1e-12	1e-12	1e-12	2e-10	1e-12	1e-12	1e-12	1e-12	1e-12
*26*1	5.467999999999999e-07	7.922e-07	5.436e-07	5.956e-07	6.247e-07	7.165999999999999e-07	6.723e-07	1.8709999999999997e-07	5.514999999999999e-07
*26*2	1.8149999999999998e-07	1.214e-07	2.6989999999999995e-07	2.8349999999999996e-07	1.466e-07	1.0419999999999999e-07	1.198e-07	6.095e-07	1.5679999999999997e-07
*26*3	2.8e-09	4e-10	1.5699999999999998e-08	7.25e-08	1.7e-09	8e-10	1.65e-08	1.464e-07	2.7e-09
*26*4	1e-12	1e-12	1e-12	2e-10	2e-09	5e-10	1e-12	1e-12	1e-12
*26*5	1e-12	1e-12	1e-12	3.2e-09	1e-12	1e-12	1e-12	1e-12	1e-12
*26*6	1e-12	1e-12	1e-12	5.999999999999999e-10	2.9999999999999995e-10	1e-12	1e-12	1e-12	1e-12
*26*7	1e-12	1e-12	1e-12	1e-10	1e-12	1e-12	1e-12	1e-12	1e-12
*26*8	1.1e-09	1e-12	1e-12	1e-12	3.4e-09	1.2999999999999999e-09	1e-12	1e-12	1e-12
*26*9	1.4299999999999999e-08	1e-12	1e-12	1e-10	7e-10	8e-10	1e-12	1e-12	2.6999999999999997e-08
*26*10	3.2999999999999998e-09	1e-12	1e-12	1e-10	1e-12	1.1999999999999998e-09	1e-12	1e-12	1e-12
*26*11	1e-12	1e-12	1e-12	1e-12	1e-12	1e-12	1e-12	1e-12	1e-12
*26*12	1.1e-09	1e-12	1e-12	1e-10	1e-12	1e-12	1e-12	1e-12	1e-12
*26*13	1.2e-08	1e-12	1e-12	1e-10	2.2e-09	4e-09	1e-12	1e-12	1e-12
*26*14	1e-12	1e-12	1e-12	1e-10	1e-12	1e-12	1e-12	1e-12	1e-12
*26*15	1.4e-08	1e-12	1e-12	1.4e-09	2e-09	4e-09	1e-12	1e-12	5.29e-08
*26*16	1e-12	1e-12	1e-12	1e-12	1e-12	1e-12	1e-12	1e-12	1e-12
*26*17	2.0719999999999998e-07	8.61e-08	1.708e-07	2.05e-08	2.164e-07	1.666e-07	1.9139999999999998e-07	5.7e-08	1.733e-07
*26*18	1e-12	1e-12	1e-12	1.99e-08	1e-12	1e-12	1e-12	1e-12	1e-12
*26*19	1e-12	1e-12	1e-12	2e-10	1e-12	1e-12	1e-12	1e-12	1e-12
*26*22	1e-12	1e-12	1e-12	1e-12	1e-12	1e-12	1e-12	1e-12	1e-12
*26*23	1e-12	1e-12	1e-12	5.999999999999999e-10	1e-12	1e-12	1e-12	1e-12	1e-12
*26*24	1e-12	1e-12	1e-12	2e-10	1e-12	1e-12	1e-12	1e-12	1e-12
*26*25	1e-12	1e-12	1e-12	2e-10	1e-12	1e-12	1e-12	1e-12	1e-12
*26*26	1e-12	1e-12	1e-12	1e-12	1e-12	1e-12	1e-12	1e-12	1e-12
*26*28	1e-12	1e-12	1e-12	1e-12	1e-12	1e-12	1e-12	1e-12	3.7e-09
*26*29	1e-12	1e-12	1e-12	2e-10	1e-12	1e-12	1e-12	1e-12	1e-12
*26*30	1e-12	1e-12	1e-12	2e-10	1e-12	1e-12	1e-12	1e-12	1e-12
*26*31	1e-12	1e-12	1e-12	2e-10	1e-12	1e-12	1e-12	1e-12	1e-12
*26*32	1e-12	1e-12	1e-12	2e-10	1e-12	1e-12	1e-12	1e-12	1e-12
*26*33	1e-12	1e-12	1e-12	2e-10	1e-12	1e-12	1e-12	1e-12	1e-12
*26*34	1e-12	1e-12	1e-12	1e-12	1e-12	1e-12	1e-12	1e-12	1e-12
*26*35	1.59e-08	1e-12	1e-12	1e-12	1e-12	1e-12	1e-12	1e-12	3.2099999999999996e-08
*26*38	1e-12	1e-12	1e-12	1e-12	1e-12	1e-12	1e-12	1e-12	1e-12
*28*1	5.467999999999999e-07	7.922e-07	5.436e-07	5.956e-07	6.247e-07	7.165999999999999e-07	6.723e-07	1.8709999999999997e-07	0.00204055
*28*2	1.8149999999999998e-07	1.214e-07	2.6989999999999995e-07	2.8349999999999996e-07	1.466e-07	1.0419999999999999e-07	1.198e-07	6.095e-07	0.00058016
*28*3	2.8e-09	4e-10	1.5699999999999998e-08	7.25e-08	1.7e-09	8e-10	1.65e-08	1.464e-07	9.990000000000001e-06
*28*4	1e-12	1e-12	1e-12	2e-10	2e-09	5e-10	1e-12	1e-12	3.7e-09
*28*5	1e-12	1e-12	1e-12	3.2e-09	1e-12	1e-12	1e-12	1e-12	3.7e-09
*28*6	1e-12	1e-12	1e-12	5.999999999999999e-10	2.9999999999999995e-10	1e-12	1e-12	1e-12	3.7e-09
*28*7	1e-12	1e-12	1e-12	1e-10	1e-12	1e-12	1e-12	1e-12	3.7e-09
*28*8	1.1e-09	1e-12	1e-12	1e-12	3.4e-09	1.2999999999999999e-09	1e-12	1e-12	3.7e-09
*28*9	1.4299999999999999e-08	1e-12	1e-12	1e-10	7e-10	8e-10	1e-12	1e-12	9.99e-05
*28*10	3.2999999999999998e-09	1e-12	1e-12	1e-10	1e-12	1.1999999999999998e-09	1e-12	1e-12	3.7e-09
*28*11	1e-12	1e-12	1e-12	1e-12	1e-12	1e-12	1e-12	1e-12	3.7e-09
*28*12	1.1e-09	1e-12	1e-12	1e-10	1e-12	1e-12	1e-12	1e-12	3.7e-09
*28*13	1.2e-08	1e-12	1e-12	1e-10	2.2e-09	4e-09	1e-12	1e-12	3.7e-09
*28*14	1e-12	1e-12	1e-12	1e-10	1e-12	1e-12	1e-12	1e-12	3.7e-09
*28*15	1.4e-08	1e-12	1e-12	1.4e-09	2e-09	4e-09	1e-12	1e-12	0.00019573000000000003
*28*16	1e-12	1e-12	1e-12	1e-12	1e-12	1e-12	1e-12	1e-12	3.7e-09
*28*17	2.0719999999999998e-07	8.61e-08	1.708e-07	2.05e-08	2.164e-07	1.666e-07	1.9139999999999998e-07	5.7e-08	0.00064121
*28*18	1e-12	1e-12	1e-12	1.99e-08	1e-12	1e-12	1e-12	1e-12	3.7e-09
*28*19	1e-12	1e-12	1e-12	2e-10	1e-12	1e-12	1e-12	1e-12	3.7e-09
*28*22	1e-12	1e-12	1e-12	1e-12	1e-12	1e-12	1e-12	1e-12	3.7e-09
*28*23	1e-12	1e-12	1e-12	5.999999999999999e-10	1e-12	1e-12	1e-12	1e-12	3.7e-09
*28*24	1e-12	1e-12	1e-12	2e-10	1e-12	1e-12	1e-12	1e-12	3.7e-09
*28*25	1e-12	1e-12	1e-12	2e-10	1e-12	1e-12	1e-12	1e-12	3.7e-09
*28*26	1e-12	1e-12	1e-12	1e-12	1e-12	1e-12	1e-12	1e-12	3.7e-09
*28*28	1e-12	1e-12	1e-12	1e-12	1e-12	1e-12	1e-12	1e-12	1.3690000000000001e-05
*28*29	1e-12	1e-12	1e-12	2e-10	1e-12	1e-12	1e-12	1e-12	3.7e-09
*28*30	1e-12	1e-12	1e-12	2e-10	1e-12	1e-12	1e-12	1e-12	3.7e-09
*28*31	1e-12	1e-12	1e-12	2e-10	1e-12	1e-12	1e-12	1e-12	3.7e-09
*28*32	1e-12	1e-12	1e-12	2e-10	1e-12	1e-12	1e-12	1e-12	3.7e-09
*28*33	1e-12	1e-12	1e-12	2e-10	1e-12	1e-12	1e-12	1e-12	3.7e-09
*28*34	1e-12	1e-12	1e-12	1e-12	1e-12	1e-12	1e-12	1e-12	3.7e-09
*28*35	1.59e-08	1e-12	1e-12	1e-12	1e-12	1e-12	1e-12	1e-12	0.00011876999999999999
*28*38	1e-12	1e-12	1e-12	1e-12	1e-12	1e-12	1e-12	1e-12	3.7e-09
*29*1	5.467999999999999e-07	7.922e-07	5.436e-07	0.00011912000000000001	6.247e-07	7.165999999999999e-07	6.723e-07	1.8709999999999997e-07	5.514999999999999e-07
*29*2	1.8149999999999998e-07	1.214e-07	2.6989999999999995e-07	5.6699999999999996e-05	1.466e-07	1.0419999999999999e-07	1.198e-07	6.095e-07	1.5679999999999997e-07
*29*3	2.8e-09	4e-10	1.5699999999999998e-08	1.45e-05	1.7e-09	8e-10	1.65e-08	1.464e-07	2.7e-09
*29*4	1e-12	1e-12	1e-12	4e-08	2e-09	5e-10	1e-12	1e-12	1e-12
*29*5	1e-12	1e-12	1e-12	6.4e-07	1e-12	1e-12	1e-12	1e-12	1e-12
*29*6	1e-12	1e-12	1e-12	1.2e-07	2.9999999999999995e-10	1e-12	1e-12	1e-12	1e-12
*29*7	1e-12	1e-12	1e-12	2e-08	1e-12	1e-12	1e-12	1e-12	1e-12
*29*8	1.1e-09	1e-12	1e-12	2e-10	3.4e-09	1.2999999999999999e-09	1e-12	1e-12	1e-12
*29*9	1.4299999999999999e-08	1e-12	1e-12	2e-08	7e-10	8e-10	1e-12	1e-12	2.6999999999999997e-08
*29*10	3.2999999999999998e-09	1e-12	1e-12	2e-08	1e-12	1.1999999999999998e-09	1e-12	1e-12	1e-12
*29*11	1e-12	1e-12	1e-12	2e-10	1e-12	1e-12	1e-12	1e-12	1e-12
*29*12	1.1e-09	1e-12	1e-12	2e-08	1e-12	1e-12	1e-12	1e-12	1e-12
*29*13	1.2e-08	1e-12	1e-12	2e-08	2.2e-09	4e-09	1e-12	1e-12	1e-12
*29*14	1e-12	1e-12	1e-12	2e-08	1e-12	1e-12	1e-12	1e-12	1e-12
*29*15	1.4e-08	1e-12	1e-12	2.8e-07	2e-09	4e-09	1e-12	1e-12	5.29e-08
*29*16	1e-12	1e-12	1e-12	2e-10	1e-12	1e-12	1e-12	1e-12	1e-12
*29*17	2.0719999999999998e-07	8.61e-08	1.708e-07	4.1000000000000006e-06	2.164e-07	1.666e-07	1.9139999999999998e-07	5.7e-08	1.733e-07
*29*18	1e-12	1e-12	1e-12	3.98e-06	1e-12	1e-12	1e-12	1e-12	1e-12
*29*19	1e-12	1e-12	1e-12	4e-08	1e-12	1e-12	1e-12	1e-12	1e-12
*29*22	1e-12	1e-12	1e-12	2e-10	1e-12	1e-12	1e-12	1e-12	1e-12
*29*23	1e-12	1e-12	1e-12	1.2e-07	1e-12	1e-12	1e-12	1e-12	1e-12
*29*24	1e-12	1e-12	1e-12	4e-08	1e-12	1e-12	1e-12	1e-12	1e-12
*29*25	1e-12	1e-12	1e-12	4e-08	1e-12	1e-12	1e-12	1e-12	1e-12
*29*26	1e-12	1e-12	1e-12	2e-10	1e-12	1e-12	1e-12	1e-12	1e-12
*29*28	1e-12	1e-12	1e-12	2e-10	1e-12	1e-12	1e-12	1e-12	3.7e-09
*29*29	1e-12	1e-12	1e-12	4e-08	1e-12	1e-12	1e-12	1e-12	1e-12
*29*30	1e-12	1e-12	1e-12	4e-08	1e-12	1e-12	1e-12	1e-12	1e-12
*29*31	1e-12	1e-12	1e-12	4e-08	1e-12	1e-12	1e-12	1e-12	1e-12
*29*32	1e-12	1e-12	1e-12	4e-08	1e-12	1e-12	1e-12	1e-12	1e-12
*29*33	1e-12	1e-12	1e-12	4e-08	1e-12	1e-12	1e-12	1e-12	1e-12
*29*34	1e-12	1e-12	1e-12	2e-10	1e-12	1e-12	1e-12	1e-12	1e-12
*29*35	1.59e-08	1e-12	1e-12	2e-10	1e-12	1e-12	1e-12	1e-12	3.2099999999999996e-08
*29*38	1e-12	1e-12	1e-12	2e-10	1e-12	1e-12	1e-12	1e-12	1e-12
*30*1	5.467999999999999e-07	7.922e-07	5.436e-07	0.00011912000000000001	6.247e-07	7.165999999999999e-07	6.723e-07	1.8709999999999997e-07	5.514999999999999e-07
*30*2	1.8149999999999998e-07	1.214e-07	2.6989999999999995e-07	5.6699999999999996e-05	1.466e-07	1.0419999999999999e-07	1.198e-07	6.095e-07	1.5679999999999997e-07
*30*3	2.8e-09	4e-10	1.5699999999999998e-08	1.45e-05	1.7e-09	8e-10	1.65e-08	1.464e-07	2.7e-09
*30*4	1e-12	1e-12	1e-12	4e-08	2e-09	5e-10	1e-12	1e-12	1e-12
*30*5	1e-12	1e-12	1e-12	6.4e-07	1e-12	1e-12	1e-12	1e-12	1e-12
*30*6	1e-12	1e-12	1e-12	1.2e-07	2.9999999999999995e-10	1e-12	1e-12	1e-12	1e-12
*30*7	1e-12	1e-12	1e-12	2e-08	1e-12	1e-12	1e-12	1e-12	1e-12
*30*8	1.1e-09	1e-12	1e-12	2e-10	3.4e-09	1.2999999999999999e-09	1e-12	1e-12	1e-12
*30*9	1.4299999999999999e-08	1e-12	1e-12	2e-08	7e-10	8e-10	1e-12	1e-12	2.6999999999999997e-08
*30*10	3.2999999999999998e-09	1e-12	1e-12	2e-08	1e-12	1.1999999999999998e-09	1e-12	1e-12	1e-12
*30*11	1e-12	1e-12	1e-12	2e-10	1e-12	1e-12	1e-12	1e-12	1e-12
*30*12	1.1e-09	1e-12	1e-12	2e-08	1e-12	1e-12	1e-12	1e-12	1e-12
*30*13	1.2e-08	1e-12	1e-12	2e-08	2.2e-09	4e-09	1e-12	1e-12	1e-12
*30*14	1e-12	1e-12	1e-12	2e-08	1e-12	1e-12	1e-12	1e-12	1e-12
*30*15	1.4e-08	1e-12	1e-12	2.8e-07	2e-09	4e-09	1e-12	1e-12	5.29e-08
*30*16	1e-12	1e-12	1e-12	2e-10	1e-12	1e-12	1e-12	1e-12	1e-12
*30*17	2.0719999999999998e-07	8.61e-08	1.708e-07	4.1000000000000006e-06	2.164e-07	1.666e-07	1.9139999999999998e-07	5.7e-08	1.733e-07
*30*18	1e-12	1e-12	1e-12	3.98e-06	1e-12	1e-12	1e-12	1e-12	1e-12
*30*19	1e-12	1e-12	1e-12	4e-08	1e-12	1e-12	1e-12	1e-12	1e-12
*30*22	1e-12	1e-12	1e-12	2e-10	1e-12	1e-12	1e-12	1e-12	1e-12
*30*23	1e-12	1e-12	1e-12	1.2e-07	1e-12	1e-12	1e-12	1e-12	1e-12
*30*24	1e-12	1e-12	1e-12	4e-08	1e-12	1e-12	1e-12	1e-12	1e-12
*30*25	1e-12	1e-12	1e-12	4e-08	1e-12	1e-12	1e-12	1e-12	1e-12
*30*26	1e-12	1e-12	1e-12	2e-10	1e-12	1e-12	1e-12	1e-12	1e-12
*30*28	1e-12	1e-12	1e-12	2e-10	1e-12	1e-12	1e-12	1e-12	3.7e-09
*30*29	1e-12	1e-12	1e-12	4e-08	1e-12	1e-12	1e-12	1e-12	1e-12
*30*30	1e-12	1e-12	1e-12	4e-08	1e-12	1e-12	1e-12	1e-12	1e-12
*30*31	1e-12	1e-12	1e-12	4e-08	1e-12	1e-12	1e-12	1e-12	1e-12
*30*32	1e-12	1e-12	1e-12	4e-08	1e-12	1e-12	1e-12	1e-12	1e-12
*30*33	1e-12	1e-12	1e-12	4e-08	1e-12	1e-12	1e-12	1e-12	1e-12
*30*34	1e-12	1e-12	1e-12	2e-10	1e-12	1e-12	1e-12	1e-12	1e-12
*30*35	1.59e-08	1e-12	1e-12	2e-10	1e-12	1e-12	1e-12	1e-12	3.2099999999999996e-08
*30*38	1e-12	1e-12	1e-12	2e-10	1e-12	1e-12	1e-12	1e-12	1e-12
*31*1	5.467999999999999e-07	7.922e-07	5.436e-07	0.00011912000000000001	6.247e-07	7.165999999999999e-07	6.723e-07	1.8709999999999997e-07	5.514999999999999e-07
*31*2	1.8149999999999998e-07	1.214e-07	2.6989999999999995e-07	5.6699999999999996e-05	1.466e-07	1.0419999999999999e-07	1.198e-07	6.095e-07	1.5679999999999997e-07
*31*3	2.8e-09	4e-10	1.5699999999999998e-08	1.45e-05	1.7e-09	8e-10	1.65e-08	1.464e-07	2.7e-09
*31*4	1e-12	1e-12	1e-12	4e-08	2e-09	5e-10	1e-12	1e-12	1e-12
*31*5	1e-12	1e-12	1e-12	6.4e-07	1e-12	1e-12	1e-12	1e-12	1e-12
*31*6	1e-12	1e-12	1e-12	1.2e-07	2.9999999999999995e-10	1e-12	1e-12	1e-12	1e-12
*31*7	1e-12	1e-12	1e-12	2e-08	1e-12	1e-12	1e-12	1e-12	1e-12
*31*8	1.1e-09	1e-12	1e-12	2e-10	3.4e-09	1.2999999999999999e-09	1e-12	1e-12	1e-12
*31*9	1.4299999999999999e-08	1e-12	1e-12	2e-08	7e-10	8e-10	1e-12	1e-12	2.6999999999999997e-08
*31*10	3.2999999999999998e-09	1e-12	1e-12	2e-08	1e-12	1.1999999999999998e-09	1e-12	1e-12	1e-12
*31*11	1e-12	1e-12	1e-12	2e-10	1e-12	1e-12	1e-12	1e-12	1e-12
*31*12	1.1e-09	1e-12	1e-12	2e-08	1e-12	1e-12	1e-12	1e-12	1e-12
*31*13	1.2e-08	1e-12	1e-12	2e-08	2.2e-09	4e-09	1e-12	1e-12	1e-12
*31*14	1e-12	1e-12	1e-12	2e-08	1e-12	1e-12	1e-12	1e-12	1e-12
*31*15	1.4e-08	1e-12	1e-12	2.8e-07	2e-09	4e-09	1e-12	1e-12	5.29e-08
*31*16	1e-12	1e-12	1e-12	2e-10	1e-12	1e-12	1e-12	1e-12	1e-12
*31*17	2.0719999999999998e-07	8.61e-08	1.708e-07	4.1000000000000006e-06	2.164e-07	1.666e-07	1.9139999999999998e-07	5.7e-08	1.733e-07
*31*18	1e-12	1e-12	1e-12	3.98e-06	1e-12	1e-12	1e-12	1e-12	1e-12
*31*19	1e-12	1e-12	1e-12	4e-08	1e-12	1e-12	1e-12	1e-12	1e-12
*31*22	1e-12	1e-12	1e-12	2e-10	1e-12	1e-12	1e-12	1e-12	1e-12
*31*23	1e-12	1e-12	1e-12	1.2e-07	1e-12	1e-12	1e-12	1e-12	1e-12
*31*24	1e-12	1e-12	1e-12	4e-08	1e-12	1e-12	1e-12	1e-12	1e-12
*31*25	1e-12	1e-12	1e-12	4e-08	1e-12	1e-12	1e-12	1e-12	1e-12
*31*26	1e-12	1e-12	1e-12	2e-10	1e-12	1e-12	1e-12	1e-12	1e-12
*31*28	1e-12	1e-12	1e-12	2e-10	1e-12	1e-12	1e-12	1e-12	3.7e-09
*31*29	1e-12	1e-12	1e-12	4e-08	1e-12	1e-12	1e-12	1e-12	1e-12
*31*30	1e-12	1e-12	1e-12	4e-08	1e-12	1e-12	1e-12	1e-12	1e-12
*31*31	1e-12	1e-12	1e-12	4e-08	1e-12	1e-12	1e-12	1e-12	1e-12
*31*32	1e-12	1e-12	1e-12	4e-08	1e-12	1e-12	1e-12	1e-12	1e-12
*31*33	1e-12	1e-12	1e-12	4e-08	1e-12	1e-12	1e-12	1e-12	1e-12
*31*34	1e-12	1e-12	1e-12	2e-10	1e-12	1e-12	1e-12	1e-12	1e-12
*31*35	1.59e-08	1e-12	1e-12	2e-10	1e-12	1e-12	1e-12	1e-12	3.2099999999999996e-08
*31*38	1e-12	1e-12	1e-12	2e-10	1e-12	1e-12	1e-12	1e-12	1e-12
*32*1	5.467999999999999e-07	7.922e-07	5.436e-07	0.00011912000000000001	6.247e-07	7.165999999999999e-07	6.723e-07	1.8709999999999997e-07	5.514999999999999e-07
*32*2	1.8149999999999998e-07	1.214e-07	2.6989999999999995e-07	5.6699999999999996e-05	1.466e-07	1.0419999999999999e-07	1.198e-07	6.095e-07	1.5679999999999997e-07
*32*3	2.8e-09	4e-10	1.5699999999999998e-08	1.45e-05	1.7e-09	8e-10	1.65e-08	1.464e-07	2.7e-09
*32*4	1e-12	1e-12	1e-12	4e-08	2e-09	5e-10	1e-12	1e-12	1e-12
*32*5	1e-12	1e-12	1e-12	6.4e-07	1e-12	1e-12	1e-12	1e-12	1e-12
*32*6	1e-12	1e-12	1e-12	1.2e-07	2.9999999999999995e-10	1e-12	1e-12	1e-12	1e-12
*32*7	1e-12	1e-12	1e-12	2e-08	1e-12	1e-12	1e-12	1e-12	1e-12
*32*8	1.1e-09	1e-12	1e-12	2e-10	3.4e-09	1.2999999999999999e-09	1e-12	1e-12	1e-12
*32*9	1.4299999999999999e-08	1e-12	1e-12	2e-08	7e-10	8e-10	1e-12	1e-12	2.6999999999999997e-08
*32*10	3.2999999999999998e-09	1e-12	1e-12	2e-08	1e-12	1.1999999999999998e-09	1e-12	1e-12	1e-12
*32*11	1e-12	1e-12	1e-12	2e-10	1e-12	1e-12	1e-12	1e-12	1e-12
*32*12	1.1e-09	1e-12	1e-12	2e-08	1e-12	1e-12	1e-12	1e-12	1e-12
*32*13	1.2e-08	1e-12	1e-12	2e-08	2.2e-09	4e-09	1e-12	1e-12	1e-12
*32*14	1e-12	1e-12	1e-12	2e-08	1e-12	1e-12	1e-12	1e-12	1e-12
*32*15	1.4e-08	1e-12	1e-12	2.8e-07	2e-09	4e-09	1e-12	1e-12	5.29e-08
*32*16	1e-12	1e-12	1e-12	2e-10	1e-12	1e-12	1e-12	1e-12	1e-12
*32*17	2.0719999999999998e-07	8.61e-08	1.708e-07	4.1000000000000006e-06	2.164e-07	1.666e-07	1.9139999999999998e-07	5.7e-08	1.733e-07
*32*18	1e-12	1e-12	1e-12	3.98e-06	1e-12	1e-12	1e-12	1e-12	1e-12
*32*19	1e-12	1e-12	1e-12	4e-08	1e-12	1e-12	1e-12	1e-12	1e-12
*32*22	1e-12	1e-12	1e-12	2e-10	1e-12	1e-12	1e-12	1e-12	1e-12
*32*23	1e-12	1e-12	1e-12	1.2e-07	1e-12	1e-12	1e-12	1e-12	1e-12
*32*24	1e-12	1e-12	1e-12	4e-08	1e-12	1e-12	1e-12	1e-12	1e-12
*32*25	1e-12	1e-12	1e-12	4e-08	1e-12	1e-12	1e-12	1e-12	1e-12
*32*26	1e-12	1e-12	1e-12	2e-10	1e-12	1e-12	1e-12	1e-12	1e-12
*32*28	1e-12	1e-12	1e-12	2e-10	1e-12	1e-12	1e-12	1e-12	3.7e-09
*32*29	1e-12	1e-12	1e-12	4e-08	1e-12	1e-12	1e-12	1e-12	1e-12
*32*30	1e-12	1e-12	1e-12	4e-08	1e-12	1e-12	1e-12	1e-12	1e-12
*32*31	1e-12	1e-12	1e-12	4e-08	1e-12	1e-12	1e-12	1e-12	1e-12
*32*32	1e-12	1e-12	1e-12	4e-08	1e-12	1e-12	1e-12	1e-12	1e-12
*32*33	1e-12	1e-12	1e-12	4e-08	1e-12	1e-12	1e-12	1e-12	1e-12
*32*34	1e-12	1e-12	1e-12	2e-10	1e-12	1e-12	1e-12	1e-12	1e-12
*32*35	1.59e-08	1e-12	1e-12	2e-10	1e-12	1e-12	1e-12	1e-12	3.2099999999999996e-08
*32*38	1e-12	1e-12	1e-12	2e-10	1e-12	1e-12	1e-12	1e-12	1e-12
*33*1	5.467999999999999e-07	7.922e-07	5.436e-07	0.00011912000000000001	6.247e-07	7.165999999999999e-07	6.723e-07	1.8709999999999997e-07	5.514999999999999e-07
*33*2	1.8149999999999998e-07	1.214e-07	2.6989999999999995e-07	5.6699999999999996e-05	1.466e-07	1.0419999999999999e-07	1.198e-07	6.095e-07	1.5679999999999997e-07
*33*3	2.8e-09	4e-10	1.5699999999999998e-08	1.45e-05	1.7e-09	8e-10	1.65e-08	1.464e-07	2.7e-09
*33*4	1e-12	1e-12	1e-12	4e-08	2e-09	5e-10	1e-12	1e-12	1e-12
*33*5	1e-12	1e-12	1e-12	6.4e-07	1e-12	1e-12	1e-12	1e-12	1e-12
*33*6	1e-12	1e-12	1e-12	1.2e-07	2.9999999999999995e-10	1e-12	1e-12	1e-12	1e-12
*33*7	1e-12	1e-12	1e-12	2e-08	1e-12	1e-12	1e-12	1e-12	1e-12
*33*8	1.1e-09	1e-12	1e-12	2e-10	3.4e-09	1.2999999999999999e-09	1e-12	1e-12	1e-12
*33*9	1.4299999999999999e-08	1e-12	1e-12	2e-08	7e-10	8e-10	1e-12	1e-12	2.6999999999999997e-08
*33*10	3.2999999999999998e-09	1e-12	1e-12	2e-08	1e-12	1.1999999999999998e-09	1e-12	1e-12	1e-12
*33*11	1e-12	1e-12	1e-12	2e-10	1e-12	1e-12	1e-12	1e-12	1e-12
*33*12	1.1e-09	1e-12	1e-12	2e-08	1e-12	1e-12	1e-12	1e-12	1e-12
*33*13	1.2e-08	1e-12	1e-12	2e-08	2.2e-09	4e-09	1e-12	1e-12	1e-12
*33*14	1e-12	1e-12	1e-12	2e-08	1e-12	1e-12	1e-12	1e-12	1e-12
*33*15	1.4e-08	1e-12	1e-12	2.8e-07	2e-09	4e-09	1e-12	1e-12	5.29e-08
*33*16	1e-12	1e-12	1e-12	2e-10	1e-12	1e-12	1e-12	1e-12	1e-12
*33*17	2.0719999999999998e-07	8.61e-08	1.708e-07	4.1000000000000006e-06	2.164e-07	1.666e-07	1.9139999999999998e-07	5.7e-08	1.733e-07
*33*18	1e-12	1e-12	1e-12	3.98e-06	1e-12	1e-12	1e-12	1e-12	1e-12
*33*19	1e-12	1e-12	1e-12	4e-08	1e-12	1e-12	1e-12	1e-12	1e-12
*33*22	1e-12	1e-12	1e-12	2e-10	1e-12	1e-12	1e-12	1e-12	1e-12
*33*23	1e-12	1e-12	1e-12	1.2e-07	1e-12	1e-12	1e-12	1e-12	1e-12
*33*24	1e-12	1e-12	1e-12	4e-08	1e-12	1e-12	1e-12	1e-12	1e-12
*33*25	1e-12	1e-12	1e-12	4e-08	1e-12	1e-12	1e-12	1e-12	1e-12
*33*26	1e-12	1e-12	1e-12	2e-10	1e-12	1e-12	1e-12	1e-12	1e-12
*33*28	1e-12	1e-12	1e-12	2e-10	1e-12	1e-12	1e-12	1e-12	3.7e-09
*33*29	1e-12	1e-12	1e-12	4e-08	1e-12	1e-12	1e-12	1e-12	1e-12
*33*30	1e-12	1e-12	1e-12	4e-08	1e-12	1e-12	1e-12	1e-12	1e-12
*33*31	1e-12	1e-12	1e-12	4e-08	1e-12	1e-12	1e-12	1e-12	1e-12
*33*32	1e-12	1e-12	1e-12	4e-08	1e-12	1e-12	1e-12	1e-12	1e-12
*33*33	1e-12	1e-12	1e-12	4e-08	1e-12	1e-12	1e-12	1e-12	1e-12
*33*34	1e-12	1e-12	1e-12	2e-10	1e-12	1e-12	1e-12	1e-12	1e-12
*33*35	1.59e-08	1e-12	1e-12	2e-10	1e-12	1e-12	1e-12	1e-12	3.2099999999999996e-08
*33*38	1e-12	1e-12	1e-12	2e-10	1e-12	1e-12	1e-12	1e-12	1e-12
*34*1	5.467999999999999e-07	7.922e-07	5.436e-07	5.956e-07	6.247e-07	7.165999999999999e-07	6.723e-07	1.8709999999999997e-07	5.514999999999999e-07
*34*2	1.8149999999999998e-07	1.214e-07	2.6989999999999995e-07	2.8349999999999996e-07	1.466e-07	1.0419999999999999e-07	1.198e-07	6.095e-07	1.5679999999999997e-07
*34*3	2.8e-09	4e-10	1.5699999999999998e-08	7.25e-08	1.7e-09	8e-10	1.65e-08	1.464e-07	2.7e-09
*34*4	1e-12	1e-12	1e-12	2e-10	2e-09	5e-10	1e-12	1e-12	1e-12
*34*5	1e-12	1e-12	1e-12	3.2e-09	1e-12	1e-12	1e-12	1e-12	1e-12
*34*6	1e-12	1e-12	1e-12	5.999999999999999e-10	2.9999999999999995e-10	1e-12	1e-12	1e-12	1e-12
*34*7	1e-12	1e-12	1e-12	1e-10	1e-12	1e-12	1e-12	1e-12	1e-12
*34*8	1.1e-09	1e-12	1e-12	1e-12	3.4e-09	1.2999999999999999e-09	1e-12	1e-12	1e-12
*34*9	1.4299999999999999e-08	1e-12	1e-12	1e-10	7e-10	8e-10	1e-12	1e-12	2.6999999999999997e-08
*34*10	3.2999999999999998e-09	1e-12	1e-12	1e-10	1e-12	1.1999999999999998e-09	1e-12	1e-12	1e-12
*34*11	1e-12	1e-12	1e-12	1e-12	1e-12	1e-12	1e-12	1e-12	1e-12
*34*12	1.1e-09	1e-12	1e-12	1e-10	1e-12	1e-12	1e-12	1e-12	1e-12
*34*13	1.2e-08	1e-12	1e-12	1e-10	2.2e-09	4e-09	1e-12	1e-12	1e-12
*34*14	1e-12	1e-12	1e-12	1e-10	1e-12	1e-12	1e-12	1e-12	1e-12
*34*15	1.4e-08	1e-12	1e-12	1.4e-09	2e-09	4e-09	1e-12	1e-12	5.29e-08
*34*16	1e-12	1e-12	1e-12	1e-12	1e-12	1e-12	1e-12	1e-12	1e-12
*34*17	2.0719999999999998e-07	8.61e-08	1.708e-07	2.05e-08	2.164e-07	1.666e-07	1.9139999999999998e-07	5.7e-08	1.733e-07
*34*18	1e-12	1e-12	1e-12	1.99e-08	1e-12	1e-12	1e-12	1e-12	1e-12
*34*19	1e-12	1e-12	1e-12	2e-10	1e-12	1e-12	1e-12	1e-12	1e-12
*34*22	1e-12	1e-12	1e-12	1e-12	1e-12	1e-12	1e-12	1e-12	1e-12
*34*23	1e-12	1e-12	1e-12	5.999999999999999e-10	1e-12	1e-12	1e-12	1e-12	1e-12
*34*24	1e-12	1e-12	1e-12	2e-10	1e-12	1e-12	1e-12	1e-12	1e-12
*34*25	1e-12	1e-12	1e-12	2e-10	1e-12	1e-12	1e-12	1e-12	1e-12
*34*26	1e-12	1e-12	1e-12	1e-12	1e-12	1e-12	1e-12	1e-12	1e-12
*34*28	1e-12	1e-12	1e-12	1e-12	1e-12	1e-12	1e-12	1e-12	3.7e-09
*34*29	1e-12	1e-12	1e-12	2e-10	1e-12	1e-12	1e-12	1e-12	1e-12
*34*30	1e-12	1e-12	1e-12	2e-10	1e-12	1e-12	1e-12	1e-12	1e-12
*34*31	1e-12	1e-12	1e-12	2e-10	1e-12	1e-12	1e-12	1e-12	1e-12
*34*32	1e-12	1e-12	1e-12	2e-10	1e-12	1e-12	1e-12	1e-12	1e-12
*34*33	1e-12	1e-12	1e-12	2e-10	1e-12	1e-12	1e-12	1e-12	1e-12
*34*34	1e-12	1e-12	1e-12	1e-12	1e-12	1e-12	1e-12	1e-12	1e-12
*34*35	1.59e-08	1e-12	1e-12	1e-12	1e-12	1e-12	1e-12	1e-12	3.2099999999999996e-08
*34*38	1e-12	1e-12	1e-12	1e-12	1e-12	1e-12	1e-12	1e-12	1e-12
*35*1	0.00869412	7.922e-07	5.436e-07	5.956e-07	6.247e-07	7.165999999999999e-07	6.723e-07	1.8709999999999997e-07	0.017703149999999997
*35*2	0.00288585	1.214e-07	2.6989999999999995e-07	2.8349999999999996e-07	1.466e-07	1.0419999999999999e-07	1.198e-07	6.095e-07	0.005033279999999999
*35*3	4.452e-05	4e-10	1.5699999999999998e-08	7.25e-08	1.7e-09	8e-10	1.65e-08	1.464e-07	8.667e-05
*35*4	1.59e-08	1e-12	1e-12	2e-10	2e-09	5e-10	1e-12	1e-12	3.2099999999999996e-08
*35*5	1.59e-08	1e-12	1e-12	3.2e-09	1e-12	1e-12	1e-12	1e-12	3.2099999999999996e-08
*35*6	1.59e-08	1e-12	1e-12	5.999999999999999e-10	2.9999999999999995e-10	1e-12	1e-12	1e-12	3.2099999999999996e-08
*35*7	1.59e-08	1e-12	1e-12	1e-10	1e-12	1e-12	1e-12	1e-12	3.2099999999999996e-08
*35*8	1.7490000000000004e-05	1e-12	1e-12	1e-12	3.4e-09	1.2999999999999999e-09	1e-12	1e-12	3.2099999999999996e-08
*35*9	0.00022737	1e-12	1e-12	1e-10	7e-10	8e-10	1e-12	1e-12	0.0008666999999999999
*35*10	5.2470000000000004e-05	1e-12	1e-12	1e-10	1e-12	1.1999999999999998e-09	1e-12	1e-12	3.2099999999999996e-08
*35*11	1.59e-08	1e-12	1e-12	1e-12	1e-12	1e-12	1e-12	1e-12	3.2099999999999996e-08
*35*12	1.7490000000000004e-05	1e-12	1e-12	1e-10	1e-12	1e-12	1e-12	1e-12	3.2099999999999996e-08
*35*13	0.0001908	1e-12	1e-12	1e-10	2.2e-09	4e-09	1e-12	1e-12	3.2099999999999996e-08
*35*14	1.59e-08	1e-12	1e-12	1e-10	1e-12	1e-12	1e-12	1e-12	3.2099999999999996e-08
*35*15	0.00022260000000000002	1e-12	1e-12	1.4e-09	2e-09	4e-09	1e-12	1e-12	0.00169809
*35*16	1.59e-08	1e-12	1e-12	1e-12	1e-12	1e-12	1e-12	1e-12	3.2099999999999996e-08
*35*17	0.0032944800000000002	8.61e-08	1.708e-07	2.05e-08	2.164e-07	1.666e-07	1.9139999999999998e-07	5.7e-08	0.00556293
*35*18	1.59e-08	1e-12	1e-12	1.99e-08	1e-12	1e-12	1e-12	1e-12	3.2099999999999996e-08
*35*19	1.59e-08	1e-12	1e-12	2e-10	1e-12	1e-12	1e-12	1e-12	3.2099999999999996e-08
*35*22	1.59e-08	1e-12	1e-12	1e-12	1e-12	1e-12	1e-12	1e-12	3.2099999999999996e-08
*35*23	1.59e-08	1e-12	1e-12	5.999999999999999e-10	1e-12	1e-12	1e-12	1e-12	3.2099999999999996e-08
*35*24	1.59e-08	1e-12	1e-12	2e-10	1e-12	1e-12	1e-12	1e-12	3.2099999999999996e-08
*35*25	1.59e-08	1e-12	1e-12	2e-10	1e-12	1e-12	1e-12	1e-12	3.2099999999999996e-08
*35*26	1.59e-08	1e-12	1e-12	1e-12	1e-12	1e-12	1e-12	1e-12	3.2099999999999996e-08
*35*28	1.59e-08	1e-12	1e-12	1e-12	1e-12	1e-12	1e-12	1e-12	0.00011876999999999999
*35*29	1.59e-08	1e-12	1e-12	2e-10	1e-12	1e-12	1e-12	1e-12	3.2099999999999996e-08
*35*30	1.59e-08	1e-12	1e-12	2e-10	1e-12	1e-12	1e-12	1e-12	3.2099999999999996e-08
*35*31	1.59e-08	1e-12	1e-12	2e-10	1e-12	1e-12	1e-12	1e-12	3.2099999999999996e-08
*35*32	1.59e-08	1e-12	1e-12	2e-10	1e-12	1e-12	1e-12	1e-12	3.2099999999999996e-08
*35*33	1.59e-08	1e-12	1e-12	2e-10	1e-12	1e-12	1e-12	1e-12	3.2099999999999996e-08
*35*34	1.59e-08	1e-12	1e-12	1e-12	1e-12	1e-12	1e-12	1e-12	3.2099999999999996e-08
*35*35	0.00025281	1e-12	1e-12	1e-12	1e-12	1e-12	1e-12	1e-12	0.0010304099999999998
*35*38	1.59e-08	1e-12	1e-12	1e-12	1e-12	1e-12	1e-12	1e-12	3.2099999999999996e-08
*38*1	5.467999999999999e-07	7.922e-07	5.436e-07	5.956e-07	6.247e-07	7.165999999999999e-07	6.723e-07	1.8709999999999997e-07	5.514999999999999e-07
*38*2	1.8149999999999998e-07	1.214e-07	2.6989999999999995e-07	2.8349999999999996e-07	1.466e-07	1.0419999999999999e-07	1.198e-07	6.095e-07	1.5679999999999997e-07
*38*3	2.8e-09	4e-10	1.5699999999999998e-08	7.25e-08	1.7e-09	8e-10	1.65e-08	1.464e-07	2.7e-09
*38*4	1e-12	1e-12	1e-12	2e-10	2e-09	5e-10	1e-12	1e-12	1e-12
*38*5	1e-12	1e-12	1e-12	3.2e-09	1e-12	1e-12	1e-12	1e-12	1e-12
*38*6	1e-12	1e-12	1e-12	5.999999999999999e-10	2.9999999999999995e-10	1e-12	1e-12	1e-12	1e-12
*38*7	1e-12	1e-12	1e-12	1e-10	1e-12	1e-12	1e-12	1e-12	1e-12
*38*8	1.1e-09	1e-12	1e-12	1e-12	3.4e-09	1.2999999999999999e-09	1e-12	1e-12	1e-12
*38*9	1.4299999999999999e-08	1e-12	1e-12	1e-10	7e-10	8e-10	1e-12	1e-12	2.6999999999999997e-08
*38*10	3.2999999999999998e-09	1e-12	1e-12	1e-10	1e-12	1.1999999999999998e-09	1e-12	1e-12	1e-12
*38*11	1e-12	1e-12	1e-12	1e-12	1e-12	1e-12	1e-12	1e-12	1e-12
*38*12	1.1e-09	1e-12	1e-12	1e-10	1e-12	1e-12	1e-12	1e-12	1e-12
*38*13	1.2e-08	1e-12	1e-12	1e-10	2.2e-09	4e-09	1e-12	1e-12	1e-12
*38*14	1e-12	1e-12	1e-12	1e-10	1e-12	1e-12	1e-12	1e-12	1e-12
*38*15	1.4e-08	1e-12	1e-12	1.4e-09	2e-09	4e-09	1e-12	1e-12	5.29e-08
*38*16	1e-12	1e-12	1e-12	1e-12	1e-12	1e-12	1e-12	1e-12	1e-12
*38*17	2.0719999999999998e-07	8.61e-08	1.708e-07	2.05e-08	2.164e-07	1.666e-07	1.9139999999999998e-07	5.7e-08	1.733e-07
*38*18	1e-12	1e-12	1e-12	1.99e-08	1e-12	1e-12	1e-12	1e-12	1e-12
*38*19	1e-12	1e-12	1e-12	2e-10	1e-12	1e-12	1e-12	1e-12	1e-12
*38*22	1e-12	1e-12	1e-12	1e-12	1e-12	1e-12	1e-12	1e-12	1e-12
*38*23	1e-12	1e-12	1e-12	5.999999999999999e-10	1e-12	1e-12	1e-12	1e-12	1e-12
*38*24	1e-12	1e-12	1e-12	2e-10	1e-12	1e-12	1e-12	1e-12	1e-12
*38*25	1e-12	1e-12	1e-12	2e-10	1e-12	1e-12	1e-12	1e-12	1e-12
*38*26	1e-12	1e-12	1e-12	1e-12	1e-12	1e-12	1e-12	1e-12	1e-12
*38*28	1e-12	1e-12	1e-12	1e-12	1e-12	1e-12	1e-12	1e-12	3.7e-09
*38*29	1e-12	1e-12	1e-12	2e-10	1e-12	1e-12	1e-12	1e-12	1e-12
*38*30	1e-12	1e-12	1e-12	2e-10	1e-12	1e-12	1e-12	1e-12	1e-12
*38*31	1e-12	1e-12	1e-12	2e-10	1e-12	1e-12	1e-12	1e-12	1e-12
*38*32	1e-12	1e-12	1e-12	2e-10	1e-12	1e-12	1e-12	1e-12	1e-12
*38*33	1e-12	1e-12	1e-12	2e-10	1e-12	1e-12	1e-12	1e-12	1e-12
*38*34	1e-12	1e-12	1e-12	1e-12	1e-12	1e-12	1e-12	1e-12	1e-12
*38*35	1.59e-08	1e-12	1e-12	1e-12	1e-12	1e-12	1e-12	1e-12	3.2099999999999996e-08
*38*38	1e-12	1e-12	1e-12	1e-12	1e-12	1e-12	1e-12	1e-12	1e-12
