CYP3A4_allele	African_American_Afro_Caribbean	American	Central_South_Asian	East_Asian	European	Latino	Near_Eastern	Oceanian	Sub_Saharan_African
*1*1	0.8198089174890001	0.8198089174890001	0.8198089174890001	0.8198089174890001	0.8198089174890001	0.8198089174890001	0.8198089174890001	0.8198089174890001	0.8198089174890001
*1*2	0.0006238433370000001	0.0006238433370000001	0.0006238433370000001	0.0006238433370000001	0.0006238433370000001	0.0006238433370000001	0.0006238433370000001	0.0006238433370000001	0.0006238433370000001
*1*3	0.006033805512	0.006033805512	0.006033805512	0.006033805512	0.006033805512	0.006033805512	0.006033805512	0.006033805512	0.006033805512
*1*4	9.959763e-05	9.959763e-05	9.959763e-05	9.959763e-05	9.959763e-05	9.959763e-05	9.959763e-05	9.959763e-05	9.959763e-05
*1*5	4.5271650000000006e-05	4.5271650000000006e-05	4.5271650000000006e-05	4.5271650000000006e-05	4.5271650000000006e-05	4.5271650000000006e-05	4.5271650000000006e-05	4.5271650000000006e-05	4.5271650000000006e-05
*1*6	0.00012676062	0.00012676062	0.00012676062	0.00012676062	0.00012676062	0.00012676062	0.00012676062	0.00012676062	0.00012676062
*1*7	0.000899094969	0.000899094969	0.000899094969	0.000899094969	0.000899094969	0.000899094969	0.000899094969	0.000899094969	0.000899094969
*1*8	0.000287927694	0.000287927694	0.000287927694	0.000287927694	0.000287927694	0.000287927694	0.000287927694	0.000287927694	0.000287927694
*1*9	9.05433e-07	9.05433e-07	9.05433e-07	9.05433e-07	9.05433e-07	9.05433e-07	9.05433e-07	9.05433e-07	9.05433e-07
*1*10	0.000603923811	0.000603923811	0.000603923811	0.000603923811	0.000603923811	0.000603923811	0.000603923811	0.000603923811	0.000603923811
*1*11	0.000405633984	0.000405633984	0.000405633984	0.000405633984	0.000405633984	0.000405633984	0.000405633984	0.000405633984	0.000405633984
*1*12	0.000143963847	0.000143963847	0.000143963847	0.000143963847	0.000143963847	0.000143963847	0.000143963847	0.000143963847	0.000143963847
*1*13	0.00016659967200000002	0.00016659967200000002	0.00016659967200000002	0.00016659967200000002	0.00016659967200000002	0.00016659967200000002	0.00016659967200000002	0.00016659967200000002	0.00016659967200000002
*1*14	2.4446691e-05	2.4446691e-05	2.4446691e-05	2.4446691e-05	2.4446691e-05	2.4446691e-05	2.4446691e-05	2.4446691e-05	2.4446691e-05
*1*15	0.001178873766	0.001178873766	0.001178873766	0.001178873766	0.001178873766	0.001178873766	0.001178873766	0.001178873766	0.001178873766
*1*16	8.148897e-05	8.148897e-05	8.148897e-05	8.148897e-05	8.148897e-05	8.148897e-05	8.148897e-05	8.148897e-05	8.148897e-05
*1*17	5.432598000000001e-05	5.432598000000001e-05	5.432598000000001e-05	5.432598000000001e-05	5.432598000000001e-05	5.432598000000001e-05	5.432598000000001e-05	5.432598000000001e-05	5.432598000000001e-05
*1*18	0.00048712295399999997	0.00048712295399999997	0.00048712295399999997	0.00048712295399999997	0.00048712295399999997	0.00048712295399999997	0.00048712295399999997	0.00048712295399999997	0.00048712295399999997
*1*19	0.035715710118	0.035715710118	0.035715710118	0.035715710118	0.035715710118	0.035715710118	0.035715710118	0.035715710118	0.035715710118
*1*20	5.432598000000001e-05	5.432598000000001e-05	5.432598000000001e-05	5.432598000000001e-05	5.432598000000001e-05	5.432598000000001e-05	5.432598000000001e-05	5.432598000000001e-05	5.432598000000001e-05
*1*21	9.05433e-07	9.05433e-07	9.05433e-07	9.05433e-07	9.05433e-07	9.05433e-07	9.05433e-07	9.05433e-07	9.05433e-07
*1*22	0.03797386002	0.03797386002	0.03797386002	0.03797386002	0.03797386002	0.03797386002	0.03797386002	0.03797386002	0.03797386002
*1*23	0.00038933619	0.00038933619	0.00038933619	0.00038933619	0.00038933619	0.00038933619	0.00038933619	0.00038933619	0.00038933619
*1*24	6.338031e-05	6.338031e-05	6.338031e-05	6.338031e-05	6.338031e-05	6.338031e-05	6.338031e-05	6.338031e-05	6.338031e-05
*1*26	0.00016297794	0.00016297794	0.00016297794	0.00016297794	0.00016297794	0.00016297794	0.00016297794	0.00016297794	0.00016297794
*2*1	0.0006238433370000001	0.0006238433370000001	0.0006238433370000001	0.0006238433370000001	0.0006238433370000001	0.0006238433370000001	0.0006238433370000001	0.0006238433370000001	0.0006238433370000001
*2*2	4.747210000000001e-07	4.747210000000001e-07	4.747210000000001e-07	4.747210000000001e-07	4.747210000000001e-07	4.747210000000001e-07	4.747210000000001e-07	4.747210000000001e-07	4.747210000000001e-07
*2*3	4.591496e-06	4.591496e-06	4.591496e-06	4.591496e-06	4.591496e-06	4.591496e-06	4.591496e-06	4.591496e-06	4.591496e-06
*2*4	7.579e-08	7.579e-08	7.579e-08	7.579e-08	7.579e-08	7.579e-08	7.579e-08	7.579e-08	7.579e-08
*2*5	3.445000000000001e-08	3.445000000000001e-08	3.445000000000001e-08	3.445000000000001e-08	3.445000000000001e-08	3.445000000000001e-08	3.445000000000001e-08	3.445000000000001e-08	3.445000000000001e-08
*2*6	9.646e-08	9.646e-08	9.646e-08	9.646e-08	9.646e-08	9.646e-08	9.646e-08	9.646e-08	9.646e-08
*2*7	6.84177e-07	6.84177e-07	6.84177e-07	6.84177e-07	6.84177e-07	6.84177e-07	6.84177e-07	6.84177e-07	6.84177e-07
*2*8	2.19102e-07	2.19102e-07	2.19102e-07	2.19102e-07	2.19102e-07	2.19102e-07	2.19102e-07	2.19102e-07	2.19102e-07
*2*9	6.89e-10	6.89e-10	6.89e-10	6.89e-10	6.89e-10	6.89e-10	6.89e-10	6.89e-10	6.89e-10
*2*10	4.59563e-07	4.59563e-07	4.59563e-07	4.59563e-07	4.59563e-07	4.59563e-07	4.59563e-07	4.59563e-07	4.59563e-07
*2*11	3.08672e-07	3.08672e-07	3.08672e-07	3.08672e-07	3.08672e-07	3.08672e-07	3.08672e-07	3.08672e-07	3.08672e-07
*2*12	1.09551e-07	1.09551e-07	1.09551e-07	1.09551e-07	1.09551e-07	1.09551e-07	1.09551e-07	1.09551e-07	1.09551e-07
*2*13	1.26776e-07	1.26776e-07	1.26776e-07	1.26776e-07	1.26776e-07	1.26776e-07	1.26776e-07	1.26776e-07	1.26776e-07
*2*14	1.8603e-08	1.8603e-08	1.8603e-08	1.8603e-08	1.8603e-08	1.8603e-08	1.8603e-08	1.8603e-08	1.8603e-08
*2*15	8.970780000000001e-07	8.970780000000001e-07	8.970780000000001e-07	8.970780000000001e-07	8.970780000000001e-07	8.970780000000001e-07	8.970780000000001e-07	8.970780000000001e-07	8.970780000000001e-07
*2*16	6.201000000000001e-08	6.201000000000001e-08	6.201000000000001e-08	6.201000000000001e-08	6.201000000000001e-08	6.201000000000001e-08	6.201000000000001e-08	6.201000000000001e-08	6.201000000000001e-08
*2*17	4.1340000000000005e-08	4.1340000000000005e-08	4.1340000000000005e-08	4.1340000000000005e-08	4.1340000000000005e-08	4.1340000000000005e-08	4.1340000000000005e-08	4.1340000000000005e-08	4.1340000000000005e-08
*2*18	3.70682e-07	3.70682e-07	3.70682e-07	3.70682e-07	3.70682e-07	3.70682e-07	3.70682e-07	3.70682e-07	3.70682e-07
*2*19	2.7178294000000004e-05	2.7178294000000004e-05	2.7178294000000004e-05	2.7178294000000004e-05	2.7178294000000004e-05	2.7178294000000004e-05	2.7178294000000004e-05	2.7178294000000004e-05	2.7178294000000004e-05
*2*20	4.1340000000000005e-08	4.1340000000000005e-08	4.1340000000000005e-08	4.1340000000000005e-08	4.1340000000000005e-08	4.1340000000000005e-08	4.1340000000000005e-08	4.1340000000000005e-08	4.1340000000000005e-08
*2*21	6.89e-10	6.89e-10	6.89e-10	6.89e-10	6.89e-10	6.89e-10	6.89e-10	6.89e-10	6.89e-10
*2*22	2.889666e-05	2.889666e-05	2.889666e-05	2.889666e-05	2.889666e-05	2.889666e-05	2.889666e-05	2.889666e-05	2.889666e-05
*2*23	2.9627e-07	2.9627e-07	2.9627e-07	2.9627e-07	2.9627e-07	2.9627e-07	2.9627e-07	2.9627e-07	2.9627e-07
*2*24	4.823e-08	4.823e-08	4.823e-08	4.823e-08	4.823e-08	4.823e-08	4.823e-08	4.823e-08	4.823e-08
*2*26	1.2402000000000002e-07	1.2402000000000002e-07	1.2402000000000002e-07	1.2402000000000002e-07	1.2402000000000002e-07	1.2402000000000002e-07	1.2402000000000002e-07	1.2402000000000002e-07	1.2402000000000002e-07
*3*1	0.006033805512	0.006033805512	0.006033805512	0.006033805512	0.006033805512	0.006033805512	0.006033805512	0.006033805512	0.006033805512
*3*2	4.591496e-06	4.591496e-06	4.591496e-06	4.591496e-06	4.591496e-06	4.591496e-06	4.591496e-06	4.591496e-06	4.591496e-06
*3*3	4.4408896e-05	4.4408896e-05	4.4408896e-05	4.4408896e-05	4.4408896e-05	4.4408896e-05	4.4408896e-05	4.4408896e-05	4.4408896e-05
*3*4	7.3304e-07	7.3304e-07	7.3304e-07	7.3304e-07	7.3304e-07	7.3304e-07	7.3304e-07	7.3304e-07	7.3304e-07
*3*5	3.332e-07	3.332e-07	3.332e-07	3.332e-07	3.332e-07	3.332e-07	3.332e-07	3.332e-07	3.332e-07
*3*6	9.329599999999999e-07	9.329599999999999e-07	9.329599999999999e-07	9.329599999999999e-07	9.329599999999999e-07	9.329599999999999e-07	9.329599999999999e-07	9.329599999999999e-07	9.329599999999999e-07
*3*7	6.617352e-06	6.617352e-06	6.617352e-06	6.617352e-06	6.617352e-06	6.617352e-06	6.617352e-06	6.617352e-06	6.617352e-06
*3*8	2.119152e-06	2.119152e-06	2.119152e-06	2.119152e-06	2.119152e-06	2.119152e-06	2.119152e-06	2.119152e-06	2.119152e-06
*3*9	6.663999999999999e-09	6.663999999999999e-09	6.663999999999999e-09	6.663999999999999e-09	6.663999999999999e-09	6.663999999999999e-09	6.663999999999999e-09	6.663999999999999e-09	6.663999999999999e-09
*3*10	4.444887999999999e-06	4.444887999999999e-06	4.444887999999999e-06	4.444887999999999e-06	4.444887999999999e-06	4.444887999999999e-06	4.444887999999999e-06	4.444887999999999e-06	4.444887999999999e-06
*3*11	2.9854719999999997e-06	2.9854719999999997e-06	2.9854719999999997e-06	2.9854719999999997e-06	2.9854719999999997e-06	2.9854719999999997e-06	2.9854719999999997e-06	2.9854719999999997e-06	2.9854719999999997e-06
*3*12	1.059576e-06	1.059576e-06	1.059576e-06	1.059576e-06	1.059576e-06	1.059576e-06	1.059576e-06	1.059576e-06	1.059576e-06
*3*13	1.226176e-06	1.226176e-06	1.226176e-06	1.226176e-06	1.226176e-06	1.226176e-06	1.226176e-06	1.226176e-06	1.226176e-06
*3*14	1.79928e-07	1.79928e-07	1.79928e-07	1.79928e-07	1.79928e-07	1.79928e-07	1.79928e-07	1.79928e-07	1.79928e-07
*3*15	8.676527999999999e-06	8.676527999999999e-06	8.676527999999999e-06	8.676527999999999e-06	8.676527999999999e-06	8.676527999999999e-06	8.676527999999999e-06	8.676527999999999e-06	8.676527999999999e-06
*3*16	5.9976e-07	5.9976e-07	5.9976e-07	5.9976e-07	5.9976e-07	5.9976e-07	5.9976e-07	5.9976e-07	5.9976e-07
*3*17	3.9984e-07	3.9984e-07	3.9984e-07	3.9984e-07	3.9984e-07	3.9984e-07	3.9984e-07	3.9984e-07	3.9984e-07
*3*18	3.5852319999999996e-06	3.5852319999999996e-06	3.5852319999999996e-06	3.5852319999999996e-06	3.5852319999999996e-06	3.5852319999999996e-06	3.5852319999999996e-06	3.5852319999999996e-06	3.5852319999999996e-06
*3*19	0.000262868144	0.000262868144	0.000262868144	0.000262868144	0.000262868144	0.000262868144	0.000262868144	0.000262868144	0.000262868144
*3*20	3.9984e-07	3.9984e-07	3.9984e-07	3.9984e-07	3.9984e-07	3.9984e-07	3.9984e-07	3.9984e-07	3.9984e-07
*3*21	6.663999999999999e-09	6.663999999999999e-09	6.663999999999999e-09	6.663999999999999e-09	6.663999999999999e-09	6.663999999999999e-09	6.663999999999999e-09	6.663999999999999e-09	6.663999999999999e-09
*3*22	0.00027948816	0.00027948816	0.00027948816	0.00027948816	0.00027948816	0.00027948816	0.00027948816	0.00027948816	0.00027948816
*3*23	2.8655199999999996e-06	2.8655199999999996e-06	2.8655199999999996e-06	2.8655199999999996e-06	2.8655199999999996e-06	2.8655199999999996e-06	2.8655199999999996e-06	2.8655199999999996e-06	2.8655199999999996e-06
*3*24	4.664799999999999e-07	4.664799999999999e-07	4.664799999999999e-07	4.664799999999999e-07	4.664799999999999e-07	4.664799999999999e-07	4.664799999999999e-07	4.664799999999999e-07	4.664799999999999e-07
*3*26	1.19952e-06	1.19952e-06	1.19952e-06	1.19952e-06	1.19952e-06	1.19952e-06	1.19952e-06	1.19952e-06	1.19952e-06
*4*1	9.959763e-05	9.959763e-05	9.959763e-05	9.959763e-05	9.959763e-05	9.959763e-05	9.959763e-05	9.959763e-05	9.959763e-05
*4*2	7.579e-08	7.579e-08	7.579e-08	7.579e-08	7.579e-08	7.579e-08	7.579e-08	7.579e-08	7.579e-08
*4*3	7.3304e-07	7.3304e-07	7.3304e-07	7.3304e-07	7.3304e-07	7.3304e-07	7.3304e-07	7.3304e-07	7.3304e-07
*4*4	1.21e-08	1.21e-08	1.21e-08	1.21e-08	1.21e-08	1.21e-08	1.21e-08	1.21e-08	1.21e-08
*4*5	5.5000000000000004e-09	5.5000000000000004e-09	5.5000000000000004e-09	5.5000000000000004e-09	5.5000000000000004e-09	5.5000000000000004e-09	5.5000000000000004e-09	5.5000000000000004e-09	5.5000000000000004e-09
*4*6	1.54e-08	1.54e-08	1.54e-08	1.54e-08	1.54e-08	1.54e-08	1.54e-08	1.54e-08	1.54e-08
*4*7	1.0923e-07	1.0923e-07	1.0923e-07	1.0923e-07	1.0923e-07	1.0923e-07	1.0923e-07	1.0923e-07	1.0923e-07
*4*8	3.498e-08	3.498e-08	3.498e-08	3.498e-08	3.498e-08	3.498e-08	3.498e-08	3.498e-08	3.498e-08
*4*9	1.1e-10	1.1e-10	1.1e-10	1.1e-10	1.1e-10	1.1e-10	1.1e-10	1.1e-10	1.1e-10
*4*10	7.337e-08	7.337e-08	7.337e-08	7.337e-08	7.337e-08	7.337e-08	7.337e-08	7.337e-08	7.337e-08
*4*11	4.928e-08	4.928e-08	4.928e-08	4.928e-08	4.928e-08	4.928e-08	4.928e-08	4.928e-08	4.928e-08
*4*12	1.749e-08	1.749e-08	1.749e-08	1.749e-08	1.749e-08	1.749e-08	1.749e-08	1.749e-08	1.749e-08
*4*13	2.024e-08	2.024e-08	2.024e-08	2.024e-08	2.024e-08	2.024e-08	2.024e-08	2.024e-08	2.024e-08
*4*14	2.97e-09	2.97e-09	2.97e-09	2.97e-09	2.97e-09	2.97e-09	2.97e-09	2.97e-09	2.97e-09
*4*15	1.4322e-07	1.4322e-07	1.4322e-07	1.4322e-07	1.4322e-07	1.4322e-07	1.4322e-07	1.4322e-07	1.4322e-07
*4*16	9.900000000000001e-09	9.900000000000001e-09	9.900000000000001e-09	9.900000000000001e-09	9.900000000000001e-09	9.900000000000001e-09	9.900000000000001e-09	9.900000000000001e-09	9.900000000000001e-09
*4*17	6.6e-09	6.6e-09	6.6e-09	6.6e-09	6.6e-09	6.6e-09	6.6e-09	6.6e-09	6.6e-09
*4*18	5.918e-08	5.918e-08	5.918e-08	5.918e-08	5.918e-08	5.918e-08	5.918e-08	5.918e-08	5.918e-08
*4*19	4.33906e-06	4.33906e-06	4.33906e-06	4.33906e-06	4.33906e-06	4.33906e-06	4.33906e-06	4.33906e-06	4.33906e-06
*4*20	6.6e-09	6.6e-09	6.6e-09	6.6e-09	6.6e-09	6.6e-09	6.6e-09	6.6e-09	6.6e-09
*4*21	1.1e-10	1.1e-10	1.1e-10	1.1e-10	1.1e-10	1.1e-10	1.1e-10	1.1e-10	1.1e-10
*4*22	4.6134e-06	4.6134e-06	4.6134e-06	4.6134e-06	4.6134e-06	4.6134e-06	4.6134e-06	4.6134e-06	4.6134e-06
*4*23	4.73e-08	4.73e-08	4.73e-08	4.73e-08	4.73e-08	4.73e-08	4.73e-08	4.73e-08	4.73e-08
*4*24	7.7e-09	7.7e-09	7.7e-09	7.7e-09	7.7e-09	7.7e-09	7.7e-09	7.7e-09	7.7e-09
*4*26	1.9800000000000002e-08	1.9800000000000002e-08	1.9800000000000002e-08	1.9800000000000002e-08	1.9800000000000002e-08	1.9800000000000002e-08	1.9800000000000002e-08	1.9800000000000002e-08	1.9800000000000002e-08
*5*1	4.5271650000000006e-05	4.5271650000000006e-05	4.5271650000000006e-05	4.5271650000000006e-05	4.5271650000000006e-05	4.5271650000000006e-05	4.5271650000000006e-05	4.5271650000000006e-05	4.5271650000000006e-05
*5*2	3.445000000000001e-08	3.445000000000001e-08	3.445000000000001e-08	3.445000000000001e-08	3.445000000000001e-08	3.445000000000001e-08	3.445000000000001e-08	3.445000000000001e-08	3.445000000000001e-08
*5*3	3.332e-07	3.332e-07	3.332e-07	3.332e-07	3.332e-07	3.332e-07	3.332e-07	3.332e-07	3.332e-07
*5*4	5.5000000000000004e-09	5.5000000000000004e-09	5.5000000000000004e-09	5.5000000000000004e-09	5.5000000000000004e-09	5.5000000000000004e-09	5.5000000000000004e-09	5.5000000000000004e-09	5.5000000000000004e-09
*5*5	2.5e-09	2.5e-09	2.5e-09	2.5e-09	2.5e-09	2.5e-09	2.5e-09	2.5e-09	2.5e-09
*5*6	7e-09	7e-09	7e-09	7e-09	7e-09	7e-09	7e-09	7e-09	7e-09
*5*7	4.965e-08	4.965e-08	4.965e-08	4.965e-08	4.965e-08	4.965e-08	4.965e-08	4.965e-08	4.965e-08
*5*8	1.59e-08	1.59e-08	1.59e-08	1.59e-08	1.59e-08	1.59e-08	1.59e-08	1.59e-08	1.59e-08
*5*9	5e-11	5e-11	5e-11	5e-11	5e-11	5e-11	5e-11	5e-11	5e-11
*5*10	3.335e-08	3.335e-08	3.335e-08	3.335e-08	3.335e-08	3.335e-08	3.335e-08	3.335e-08	3.335e-08
*5*11	2.2400000000000002e-08	2.2400000000000002e-08	2.2400000000000002e-08	2.2400000000000002e-08	2.2400000000000002e-08	2.2400000000000002e-08	2.2400000000000002e-08	2.2400000000000002e-08	2.2400000000000002e-08
*5*12	7.95e-09	7.95e-09	7.95e-09	7.95e-09	7.95e-09	7.95e-09	7.95e-09	7.95e-09	7.95e-09
*5*13	9.2e-09	9.2e-09	9.2e-09	9.2e-09	9.2e-09	9.2e-09	9.2e-09	9.2e-09	9.2e-09
*5*14	1.35e-09	1.35e-09	1.35e-09	1.35e-09	1.35e-09	1.35e-09	1.35e-09	1.35e-09	1.35e-09
*5*15	6.510000000000001e-08	6.510000000000001e-08	6.510000000000001e-08	6.510000000000001e-08	6.510000000000001e-08	6.510000000000001e-08	6.510000000000001e-08	6.510000000000001e-08	6.510000000000001e-08
*5*16	4.500000000000001e-09	4.500000000000001e-09	4.500000000000001e-09	4.500000000000001e-09	4.500000000000001e-09	4.500000000000001e-09	4.500000000000001e-09	4.500000000000001e-09	4.500000000000001e-09
*5*17	3.0000000000000004e-09	3.0000000000000004e-09	3.0000000000000004e-09	3.0000000000000004e-09	3.0000000000000004e-09	3.0000000000000004e-09	3.0000000000000004e-09	3.0000000000000004e-09	3.0000000000000004e-09
*5*18	2.69e-08	2.69e-08	2.69e-08	2.69e-08	2.69e-08	2.69e-08	2.69e-08	2.69e-08	2.69e-08
*5*19	1.9723e-06	1.9723e-06	1.9723e-06	1.9723e-06	1.9723e-06	1.9723e-06	1.9723e-06	1.9723e-06	1.9723e-06
*5*20	3.0000000000000004e-09	3.0000000000000004e-09	3.0000000000000004e-09	3.0000000000000004e-09	3.0000000000000004e-09	3.0000000000000004e-09	3.0000000000000004e-09	3.0000000000000004e-09	3.0000000000000004e-09
*5*21	5e-11	5e-11	5e-11	5e-11	5e-11	5e-11	5e-11	5e-11	5e-11
*5*22	2.097e-06	2.097e-06	2.097e-06	2.097e-06	2.097e-06	2.097e-06	2.097e-06	2.097e-06	2.097e-06
*5*23	2.15e-08	2.15e-08	2.15e-08	2.15e-08	2.15e-08	2.15e-08	2.15e-08	2.15e-08	2.15e-08
*5*24	3.5e-09	3.5e-09	3.5e-09	3.5e-09	3.5e-09	3.5e-09	3.5e-09	3.5e-09	3.5e-09
*5*26	9.000000000000001e-09	9.000000000000001e-09	9.000000000000001e-09	9.000000000000001e-09	9.000000000000001e-09	9.000000000000001e-09	9.000000000000001e-09	9.000000000000001e-09	9.000000000000001e-09
*6*1	0.00012676062	0.00012676062	0.00012676062	0.00012676062	0.00012676062	0.00012676062	0.00012676062	0.00012676062	0.00012676062
*6*2	9.646e-08	9.646e-08	9.646e-08	9.646e-08	9.646e-08	9.646e-08	9.646e-08	9.646e-08	9.646e-08
*6*3	9.329599999999999e-07	9.329599999999999e-07	9.329599999999999e-07	9.329599999999999e-07	9.329599999999999e-07	9.329599999999999e-07	9.329599999999999e-07	9.329599999999999e-07	9.329599999999999e-07
*6*4	1.54e-08	1.54e-08	1.54e-08	1.54e-08	1.54e-08	1.54e-08	1.54e-08	1.54e-08	1.54e-08
*6*5	7e-09	7e-09	7e-09	7e-09	7e-09	7e-09	7e-09	7e-09	7e-09
*6*6	1.9599999999999997e-08	1.9599999999999997e-08	1.9599999999999997e-08	1.9599999999999997e-08	1.9599999999999997e-08	1.9599999999999997e-08	1.9599999999999997e-08	1.9599999999999997e-08	1.9599999999999997e-08
*6*7	1.3901999999999998e-07	1.3901999999999998e-07	1.3901999999999998e-07	1.3901999999999998e-07	1.3901999999999998e-07	1.3901999999999998e-07	1.3901999999999998e-07	1.3901999999999998e-07	1.3901999999999998e-07
*6*8	4.451999999999999e-08	4.451999999999999e-08	4.451999999999999e-08	4.451999999999999e-08	4.451999999999999e-08	4.451999999999999e-08	4.451999999999999e-08	4.451999999999999e-08	4.451999999999999e-08
*6*9	1.3999999999999998e-10	1.3999999999999998e-10	1.3999999999999998e-10	1.3999999999999998e-10	1.3999999999999998e-10	1.3999999999999998e-10	1.3999999999999998e-10	1.3999999999999998e-10	1.3999999999999998e-10
*6*10	9.337999999999998e-08	9.337999999999998e-08	9.337999999999998e-08	9.337999999999998e-08	9.337999999999998e-08	9.337999999999998e-08	9.337999999999998e-08	9.337999999999998e-08	9.337999999999998e-08
*6*11	6.272e-08	6.272e-08	6.272e-08	6.272e-08	6.272e-08	6.272e-08	6.272e-08	6.272e-08	6.272e-08
*6*12	2.2259999999999996e-08	2.2259999999999996e-08	2.2259999999999996e-08	2.2259999999999996e-08	2.2259999999999996e-08	2.2259999999999996e-08	2.2259999999999996e-08	2.2259999999999996e-08	2.2259999999999996e-08
*6*13	2.5759999999999997e-08	2.5759999999999997e-08	2.5759999999999997e-08	2.5759999999999997e-08	2.5759999999999997e-08	2.5759999999999997e-08	2.5759999999999997e-08	2.5759999999999997e-08	2.5759999999999997e-08
*6*14	3.78e-09	3.78e-09	3.78e-09	3.78e-09	3.78e-09	3.78e-09	3.78e-09	3.78e-09	3.78e-09
*6*15	1.8228e-07	1.8228e-07	1.8228e-07	1.8228e-07	1.8228e-07	1.8228e-07	1.8228e-07	1.8228e-07	1.8228e-07
*6*16	1.26e-08	1.26e-08	1.26e-08	1.26e-08	1.26e-08	1.26e-08	1.26e-08	1.26e-08	1.26e-08
*6*17	8.399999999999999e-09	8.399999999999999e-09	8.399999999999999e-09	8.399999999999999e-09	8.399999999999999e-09	8.399999999999999e-09	8.399999999999999e-09	8.399999999999999e-09	8.399999999999999e-09
*6*18	7.531999999999999e-08	7.531999999999999e-08	7.531999999999999e-08	7.531999999999999e-08	7.531999999999999e-08	7.531999999999999e-08	7.531999999999999e-08	7.531999999999999e-08	7.531999999999999e-08
*6*19	5.52244e-06	5.52244e-06	5.52244e-06	5.52244e-06	5.52244e-06	5.52244e-06	5.52244e-06	5.52244e-06	5.52244e-06
*6*20	8.399999999999999e-09	8.399999999999999e-09	8.399999999999999e-09	8.399999999999999e-09	8.399999999999999e-09	8.399999999999999e-09	8.399999999999999e-09	8.399999999999999e-09	8.399999999999999e-09
*6*21	1.3999999999999998e-10	1.3999999999999998e-10	1.3999999999999998e-10	1.3999999999999998e-10	1.3999999999999998e-10	1.3999999999999998e-10	1.3999999999999998e-10	1.3999999999999998e-10	1.3999999999999998e-10
*6*22	5.871599999999999e-06	5.871599999999999e-06	5.871599999999999e-06	5.871599999999999e-06	5.871599999999999e-06	5.871599999999999e-06	5.871599999999999e-06	5.871599999999999e-06	5.871599999999999e-06
*6*23	6.02e-08	6.02e-08	6.02e-08	6.02e-08	6.02e-08	6.02e-08	6.02e-08	6.02e-08	6.02e-08
*6*24	9.799999999999998e-09	9.799999999999998e-09	9.799999999999998e-09	9.799999999999998e-09	9.799999999999998e-09	9.799999999999998e-09	9.799999999999998e-09	9.799999999999998e-09	9.799999999999998e-09
*6*26	2.52e-08	2.52e-08	2.52e-08	2.52e-08	2.52e-08	2.52e-08	2.52e-08	2.52e-08	2.52e-08
*7*1	0.000899094969	0.000899094969	0.000899094969	0.000899094969	0.000899094969	0.000899094969	0.000899094969	0.000899094969	0.000899094969
*7*2	6.84177e-07	6.84177e-07	6.84177e-07	6.84177e-07	6.84177e-07	6.84177e-07	6.84177e-07	6.84177e-07	6.84177e-07
*7*3	6.617352e-06	6.617352e-06	6.617352e-06	6.617352e-06	6.617352e-06	6.617352e-06	6.617352e-06	6.617352e-06	6.617352e-06
*7*4	1.0923e-07	1.0923e-07	1.0923e-07	1.0923e-07	1.0923e-07	1.0923e-07	1.0923e-07	1.0923e-07	1.0923e-07
*7*5	4.965e-08	4.965e-08	4.965e-08	4.965e-08	4.965e-08	4.965e-08	4.965e-08	4.965e-08	4.965e-08
*7*6	1.3901999999999998e-07	1.3901999999999998e-07	1.3901999999999998e-07	1.3901999999999998e-07	1.3901999999999998e-07	1.3901999999999998e-07	1.3901999999999998e-07	1.3901999999999998e-07	1.3901999999999998e-07
*7*7	9.860489999999998e-07	9.860489999999998e-07	9.860489999999998e-07	9.860489999999998e-07	9.860489999999998e-07	9.860489999999998e-07	9.860489999999998e-07	9.860489999999998e-07	9.860489999999998e-07
*7*8	3.15774e-07	3.15774e-07	3.15774e-07	3.15774e-07	3.15774e-07	3.15774e-07	3.15774e-07	3.15774e-07	3.15774e-07
*7*9	9.93e-10	9.93e-10	9.93e-10	9.93e-10	9.93e-10	9.93e-10	9.93e-10	9.93e-10	9.93e-10
*7*10	6.623309999999999e-07	6.623309999999999e-07	6.623309999999999e-07	6.623309999999999e-07	6.623309999999999e-07	6.623309999999999e-07	6.623309999999999e-07	6.623309999999999e-07	6.623309999999999e-07
*7*11	4.44864e-07	4.44864e-07	4.44864e-07	4.44864e-07	4.44864e-07	4.44864e-07	4.44864e-07	4.44864e-07	4.44864e-07
*7*12	1.57887e-07	1.57887e-07	1.57887e-07	1.57887e-07	1.57887e-07	1.57887e-07	1.57887e-07	1.57887e-07	1.57887e-07
*7*13	1.82712e-07	1.82712e-07	1.82712e-07	1.82712e-07	1.82712e-07	1.82712e-07	1.82712e-07	1.82712e-07	1.82712e-07
*7*14	2.6810999999999998e-08	2.6810999999999998e-08	2.6810999999999998e-08	2.6810999999999998e-08	2.6810999999999998e-08	2.6810999999999998e-08	2.6810999999999998e-08	2.6810999999999998e-08	2.6810999999999998e-08
*7*15	1.292886e-06	1.292886e-06	1.292886e-06	1.292886e-06	1.292886e-06	1.292886e-06	1.292886e-06	1.292886e-06	1.292886e-06
*7*16	8.937e-08	8.937e-08	8.937e-08	8.937e-08	8.937e-08	8.937e-08	8.937e-08	8.937e-08	8.937e-08
*7*17	5.958e-08	5.958e-08	5.958e-08	5.958e-08	5.958e-08	5.958e-08	5.958e-08	5.958e-08	5.958e-08
*7*18	5.342339999999999e-07	5.342339999999999e-07	5.342339999999999e-07	5.342339999999999e-07	5.342339999999999e-07	5.342339999999999e-07	5.342339999999999e-07	5.342339999999999e-07	5.342339999999999e-07
*7*19	3.9169878e-05	3.9169878e-05	3.9169878e-05	3.9169878e-05	3.9169878e-05	3.9169878e-05	3.9169878e-05	3.9169878e-05	3.9169878e-05
*7*20	5.958e-08	5.958e-08	5.958e-08	5.958e-08	5.958e-08	5.958e-08	5.958e-08	5.958e-08	5.958e-08
*7*21	9.93e-10	9.93e-10	9.93e-10	9.93e-10	9.93e-10	9.93e-10	9.93e-10	9.93e-10	9.93e-10
*7*22	4.1646419999999996e-05	4.1646419999999996e-05	4.1646419999999996e-05	4.1646419999999996e-05	4.1646419999999996e-05	4.1646419999999996e-05	4.1646419999999996e-05	4.1646419999999996e-05	4.1646419999999996e-05
*7*23	4.2699e-07	4.2699e-07	4.2699e-07	4.2699e-07	4.2699e-07	4.2699e-07	4.2699e-07	4.2699e-07	4.2699e-07
*7*24	6.950999999999999e-08	6.950999999999999e-08	6.950999999999999e-08	6.950999999999999e-08	6.950999999999999e-08	6.950999999999999e-08	6.950999999999999e-08	6.950999999999999e-08	6.950999999999999e-08
*7*26	1.7874e-07	1.7874e-07	1.7874e-07	1.7874e-07	1.7874e-07	1.7874e-07	1.7874e-07	1.7874e-07	1.7874e-07
*8*1	0.000287927694	0.000287927694	0.000287927694	0.000287927694	0.000287927694	0.000287927694	0.000287927694	0.000287927694	0.000287927694
*8*2	2.19102e-07	2.19102e-07	2.19102e-07	2.19102e-07	2.19102e-07	2.19102e-07	2.19102e-07	2.19102e-07	2.19102e-07
*8*3	2.119152e-06	2.119152e-06	2.119152e-06	2.119152e-06	2.119152e-06	2.119152e-06	2.119152e-06	2.119152e-06	2.119152e-06
*8*4	3.498e-08	3.498e-08	3.498e-08	3.498e-08	3.498e-08	3.498e-08	3.498e-08	3.498e-08	3.498e-08
*8*5	1.59e-08	1.59e-08	1.59e-08	1.59e-08	1.59e-08	1.59e-08	1.59e-08	1.59e-08	1.59e-08
*8*6	4.451999999999999e-08	4.451999999999999e-08	4.451999999999999e-08	4.451999999999999e-08	4.451999999999999e-08	4.451999999999999e-08	4.451999999999999e-08	4.451999999999999e-08	4.451999999999999e-08
*8*7	3.15774e-07	3.15774e-07	3.15774e-07	3.15774e-07	3.15774e-07	3.15774e-07	3.15774e-07	3.15774e-07	3.15774e-07
*8*8	1.0112399999999999e-07	1.0112399999999999e-07	1.0112399999999999e-07	1.0112399999999999e-07	1.0112399999999999e-07	1.0112399999999999e-07	1.0112399999999999e-07	1.0112399999999999e-07	1.0112399999999999e-07
*8*9	3.18e-10	3.18e-10	3.18e-10	3.18e-10	3.18e-10	3.18e-10	3.18e-10	3.18e-10	3.18e-10
*8*10	2.1210599999999998e-07	2.1210599999999998e-07	2.1210599999999998e-07	2.1210599999999998e-07	2.1210599999999998e-07	2.1210599999999998e-07	2.1210599999999998e-07	2.1210599999999998e-07	2.1210599999999998e-07
*8*11	1.42464e-07	1.42464e-07	1.42464e-07	1.42464e-07	1.42464e-07	1.42464e-07	1.42464e-07	1.42464e-07	1.42464e-07
*8*12	5.056199999999999e-08	5.056199999999999e-08	5.056199999999999e-08	5.056199999999999e-08	5.056199999999999e-08	5.056199999999999e-08	5.056199999999999e-08	5.056199999999999e-08	5.056199999999999e-08
*8*13	5.8511999999999995e-08	5.8511999999999995e-08	5.8511999999999995e-08	5.8511999999999995e-08	5.8511999999999995e-08	5.8511999999999995e-08	5.8511999999999995e-08	5.8511999999999995e-08	5.8511999999999995e-08
*8*14	8.585999999999998e-09	8.585999999999998e-09	8.585999999999998e-09	8.585999999999998e-09	8.585999999999998e-09	8.585999999999998e-09	8.585999999999998e-09	8.585999999999998e-09	8.585999999999998e-09
*8*15	4.1403599999999996e-07	4.1403599999999996e-07	4.1403599999999996e-07	4.1403599999999996e-07	4.1403599999999996e-07	4.1403599999999996e-07	4.1403599999999996e-07	4.1403599999999996e-07	4.1403599999999996e-07
*8*16	2.862e-08	2.862e-08	2.862e-08	2.862e-08	2.862e-08	2.862e-08	2.862e-08	2.862e-08	2.862e-08
*8*17	1.908e-08	1.908e-08	1.908e-08	1.908e-08	1.908e-08	1.908e-08	1.908e-08	1.908e-08	1.908e-08
*8*18	1.7108399999999997e-07	1.7108399999999997e-07	1.7108399999999997e-07	1.7108399999999997e-07	1.7108399999999997e-07	1.7108399999999997e-07	1.7108399999999997e-07	1.7108399999999997e-07	1.7108399999999997e-07
*8*19	1.2543828e-05	1.2543828e-05	1.2543828e-05	1.2543828e-05	1.2543828e-05	1.2543828e-05	1.2543828e-05	1.2543828e-05	1.2543828e-05
*8*20	1.908e-08	1.908e-08	1.908e-08	1.908e-08	1.908e-08	1.908e-08	1.908e-08	1.908e-08	1.908e-08
*8*21	3.18e-10	3.18e-10	3.18e-10	3.18e-10	3.18e-10	3.18e-10	3.18e-10	3.18e-10	3.18e-10
*8*22	1.3336919999999999e-05	1.3336919999999999e-05	1.3336919999999999e-05	1.3336919999999999e-05	1.3336919999999999e-05	1.3336919999999999e-05	1.3336919999999999e-05	1.3336919999999999e-05	1.3336919999999999e-05
*8*23	1.3674e-07	1.3674e-07	1.3674e-07	1.3674e-07	1.3674e-07	1.3674e-07	1.3674e-07	1.3674e-07	1.3674e-07
*8*24	2.2259999999999996e-08	2.2259999999999996e-08	2.2259999999999996e-08	2.2259999999999996e-08	2.2259999999999996e-08	2.2259999999999996e-08	2.2259999999999996e-08	2.2259999999999996e-08	2.2259999999999996e-08
*8*26	5.724e-08	5.724e-08	5.724e-08	5.724e-08	5.724e-08	5.724e-08	5.724e-08	5.724e-08	5.724e-08
*9*1	9.05433e-07	9.05433e-07	9.05433e-07	9.05433e-07	9.05433e-07	9.05433e-07	9.05433e-07	9.05433e-07	9.05433e-07
*9*2	6.89e-10	6.89e-10	6.89e-10	6.89e-10	6.89e-10	6.89e-10	6.89e-10	6.89e-10	6.89e-10
*9*3	6.663999999999999e-09	6.663999999999999e-09	6.663999999999999e-09	6.663999999999999e-09	6.663999999999999e-09	6.663999999999999e-09	6.663999999999999e-09	6.663999999999999e-09	6.663999999999999e-09
*9*4	1.1e-10	1.1e-10	1.1e-10	1.1e-10	1.1e-10	1.1e-10	1.1e-10	1.1e-10	1.1e-10
*9*5	5e-11	5e-11	5e-11	5e-11	5e-11	5e-11	5e-11	5e-11	5e-11
*9*6	1.3999999999999998e-10	1.3999999999999998e-10	1.3999999999999998e-10	1.3999999999999998e-10	1.3999999999999998e-10	1.3999999999999998e-10	1.3999999999999998e-10	1.3999999999999998e-10	1.3999999999999998e-10
*9*7	9.93e-10	9.93e-10	9.93e-10	9.93e-10	9.93e-10	9.93e-10	9.93e-10	9.93e-10	9.93e-10
*9*8	3.18e-10	3.18e-10	3.18e-10	3.18e-10	3.18e-10	3.18e-10	3.18e-10	3.18e-10	3.18e-10
*9*9	1e-12	1e-12	1e-12	1e-12	1e-12	1e-12	1e-12	1e-12	1e-12
*9*10	6.669999999999999e-10	6.669999999999999e-10	6.669999999999999e-10	6.669999999999999e-10	6.669999999999999e-10	6.669999999999999e-10	6.669999999999999e-10	6.669999999999999e-10	6.669999999999999e-10
*9*11	4.4799999999999995e-10	4.4799999999999995e-10	4.4799999999999995e-10	4.4799999999999995e-10	4.4799999999999995e-10	4.4799999999999995e-10	4.4799999999999995e-10	4.4799999999999995e-10	4.4799999999999995e-10
*9*12	1.59e-10	1.59e-10	1.59e-10	1.59e-10	1.59e-10	1.59e-10	1.59e-10	1.59e-10	1.59e-10
*9*13	1.8399999999999998e-10	1.8399999999999998e-10	1.8399999999999998e-10	1.8399999999999998e-10	1.8399999999999998e-10	1.8399999999999998e-10	1.8399999999999998e-10	1.8399999999999998e-10	1.8399999999999998e-10
*9*14	2.6999999999999997e-11	2.6999999999999997e-11	2.6999999999999997e-11	2.6999999999999997e-11	2.6999999999999997e-11	2.6999999999999997e-11	2.6999999999999997e-11	2.6999999999999997e-11	2.6999999999999997e-11
*9*15	1.3019999999999998e-09	1.3019999999999998e-09	1.3019999999999998e-09	1.3019999999999998e-09	1.3019999999999998e-09	1.3019999999999998e-09	1.3019999999999998e-09	1.3019999999999998e-09	1.3019999999999998e-09
*9*16	9e-11	9e-11	9e-11	9e-11	9e-11	9e-11	9e-11	9e-11	9e-11
*9*17	6e-11	6e-11	6e-11	6e-11	6e-11	6e-11	6e-11	6e-11	6e-11
*9*18	5.379999999999999e-10	5.379999999999999e-10	5.379999999999999e-10	5.379999999999999e-10	5.379999999999999e-10	5.379999999999999e-10	5.379999999999999e-10	5.379999999999999e-10	5.379999999999999e-10
*9*19	3.9446e-08	3.9446e-08	3.9446e-08	3.9446e-08	3.9446e-08	3.9446e-08	3.9446e-08	3.9446e-08	3.9446e-08
*9*20	6e-11	6e-11	6e-11	6e-11	6e-11	6e-11	6e-11	6e-11	6e-11
*9*21	1e-12	1e-12	1e-12	1e-12	1e-12	1e-12	1e-12	1e-12	1e-12
*9*22	4.194e-08	4.194e-08	4.194e-08	4.194e-08	4.194e-08	4.194e-08	4.194e-08	4.194e-08	4.194e-08
*9*23	4.2999999999999996e-10	4.2999999999999996e-10	4.2999999999999996e-10	4.2999999999999996e-10	4.2999999999999996e-10	4.2999999999999996e-10	4.2999999999999996e-10	4.2999999999999996e-10	4.2999999999999996e-10
*9*24	6.999999999999999e-11	6.999999999999999e-11	6.999999999999999e-11	6.999999999999999e-11	6.999999999999999e-11	6.999999999999999e-11	6.999999999999999e-11	6.999999999999999e-11	6.999999999999999e-11
*9*26	1.8e-10	1.8e-10	1.8e-10	1.8e-10	1.8e-10	1.8e-10	1.8e-10	1.8e-10	1.8e-10
*10*1	0.000603923811	0.000603923811	0.000603923811	0.000603923811	0.000603923811	0.000603923811	0.000603923811	0.000603923811	0.000603923811
*10*2	4.59563e-07	4.59563e-07	4.59563e-07	4.59563e-07	4.59563e-07	4.59563e-07	4.59563e-07	4.59563e-07	4.59563e-07
*10*3	4.444887999999999e-06	4.444887999999999e-06	4.444887999999999e-06	4.444887999999999e-06	4.444887999999999e-06	4.444887999999999e-06	4.444887999999999e-06	4.444887999999999e-06	4.444887999999999e-06
*10*4	7.337e-08	7.337e-08	7.337e-08	7.337e-08	7.337e-08	7.337e-08	7.337e-08	7.337e-08	7.337e-08
*10*5	3.335e-08	3.335e-08	3.335e-08	3.335e-08	3.335e-08	3.335e-08	3.335e-08	3.335e-08	3.335e-08
*10*6	9.337999999999998e-08	9.337999999999998e-08	9.337999999999998e-08	9.337999999999998e-08	9.337999999999998e-08	9.337999999999998e-08	9.337999999999998e-08	9.337999999999998e-08	9.337999999999998e-08
*10*7	6.623309999999999e-07	6.623309999999999e-07	6.623309999999999e-07	6.623309999999999e-07	6.623309999999999e-07	6.623309999999999e-07	6.623309999999999e-07	6.623309999999999e-07	6.623309999999999e-07
*10*8	2.1210599999999998e-07	2.1210599999999998e-07	2.1210599999999998e-07	2.1210599999999998e-07	2.1210599999999998e-07	2.1210599999999998e-07	2.1210599999999998e-07	2.1210599999999998e-07	2.1210599999999998e-07
*10*9	6.669999999999999e-10	6.669999999999999e-10	6.669999999999999e-10	6.669999999999999e-10	6.669999999999999e-10	6.669999999999999e-10	6.669999999999999e-10	6.669999999999999e-10	6.669999999999999e-10
*10*10	4.4488899999999993e-07	4.4488899999999993e-07	4.4488899999999993e-07	4.4488899999999993e-07	4.4488899999999993e-07	4.4488899999999993e-07	4.4488899999999993e-07	4.4488899999999993e-07	4.4488899999999993e-07
*10*11	2.9881599999999997e-07	2.9881599999999997e-07	2.9881599999999997e-07	2.9881599999999997e-07	2.9881599999999997e-07	2.9881599999999997e-07	2.9881599999999997e-07	2.9881599999999997e-07	2.9881599999999997e-07
*10*12	1.0605299999999999e-07	1.0605299999999999e-07	1.0605299999999999e-07	1.0605299999999999e-07	1.0605299999999999e-07	1.0605299999999999e-07	1.0605299999999999e-07	1.0605299999999999e-07	1.0605299999999999e-07
*10*13	1.2272799999999999e-07	1.2272799999999999e-07	1.2272799999999999e-07	1.2272799999999999e-07	1.2272799999999999e-07	1.2272799999999999e-07	1.2272799999999999e-07	1.2272799999999999e-07	1.2272799999999999e-07
*10*14	1.8009e-08	1.8009e-08	1.8009e-08	1.8009e-08	1.8009e-08	1.8009e-08	1.8009e-08	1.8009e-08	1.8009e-08
*10*15	8.684339999999999e-07	8.684339999999999e-07	8.684339999999999e-07	8.684339999999999e-07	8.684339999999999e-07	8.684339999999999e-07	8.684339999999999e-07	8.684339999999999e-07	8.684339999999999e-07
*10*16	6.003e-08	6.003e-08	6.003e-08	6.003e-08	6.003e-08	6.003e-08	6.003e-08	6.003e-08	6.003e-08
*10*17	4.002e-08	4.002e-08	4.002e-08	4.002e-08	4.002e-08	4.002e-08	4.002e-08	4.002e-08	4.002e-08
*10*18	3.5884599999999996e-07	3.5884599999999996e-07	3.5884599999999996e-07	3.5884599999999996e-07	3.5884599999999996e-07	3.5884599999999996e-07	3.5884599999999996e-07	3.5884599999999996e-07	3.5884599999999996e-07
*10*19	2.6310482e-05	2.6310482e-05	2.6310482e-05	2.6310482e-05	2.6310482e-05	2.6310482e-05	2.6310482e-05	2.6310482e-05	2.6310482e-05
*10*20	4.002e-08	4.002e-08	4.002e-08	4.002e-08	4.002e-08	4.002e-08	4.002e-08	4.002e-08	4.002e-08
*10*21	6.669999999999999e-10	6.669999999999999e-10	6.669999999999999e-10	6.669999999999999e-10	6.669999999999999e-10	6.669999999999999e-10	6.669999999999999e-10	6.669999999999999e-10	6.669999999999999e-10
*10*22	2.7973979999999995e-05	2.7973979999999995e-05	2.7973979999999995e-05	2.7973979999999995e-05	2.7973979999999995e-05	2.7973979999999995e-05	2.7973979999999995e-05	2.7973979999999995e-05	2.7973979999999995e-05
*10*23	2.8680999999999996e-07	2.8680999999999996e-07	2.8680999999999996e-07	2.8680999999999996e-07	2.8680999999999996e-07	2.8680999999999996e-07	2.8680999999999996e-07	2.8680999999999996e-07	2.8680999999999996e-07
*10*24	4.668999999999999e-08	4.668999999999999e-08	4.668999999999999e-08	4.668999999999999e-08	4.668999999999999e-08	4.668999999999999e-08	4.668999999999999e-08	4.668999999999999e-08	4.668999999999999e-08
*10*26	1.2006e-07	1.2006e-07	1.2006e-07	1.2006e-07	1.2006e-07	1.2006e-07	1.2006e-07	1.2006e-07	1.2006e-07
*11*1	0.000405633984	0.000405633984	0.000405633984	0.000405633984	0.000405633984	0.000405633984	0.000405633984	0.000405633984	0.000405633984
*11*2	3.08672e-07	3.08672e-07	3.08672e-07	3.08672e-07	3.08672e-07	3.08672e-07	3.08672e-07	3.08672e-07	3.08672e-07
*11*3	2.9854719999999997e-06	2.9854719999999997e-06	2.9854719999999997e-06	2.9854719999999997e-06	2.9854719999999997e-06	2.9854719999999997e-06	2.9854719999999997e-06	2.9854719999999997e-06	2.9854719999999997e-06
*11*4	4.928e-08	4.928e-08	4.928e-08	4.928e-08	4.928e-08	4.928e-08	4.928e-08	4.928e-08	4.928e-08
*11*5	2.2400000000000002e-08	2.2400000000000002e-08	2.2400000000000002e-08	2.2400000000000002e-08	2.2400000000000002e-08	2.2400000000000002e-08	2.2400000000000002e-08	2.2400000000000002e-08	2.2400000000000002e-08
*11*6	6.272e-08	6.272e-08	6.272e-08	6.272e-08	6.272e-08	6.272e-08	6.272e-08	6.272e-08	6.272e-08
*11*7	4.44864e-07	4.44864e-07	4.44864e-07	4.44864e-07	4.44864e-07	4.44864e-07	4.44864e-07	4.44864e-07	4.44864e-07
*11*8	1.42464e-07	1.42464e-07	1.42464e-07	1.42464e-07	1.42464e-07	1.42464e-07	1.42464e-07	1.42464e-07	1.42464e-07
*11*9	4.4799999999999995e-10	4.4799999999999995e-10	4.4799999999999995e-10	4.4799999999999995e-10	4.4799999999999995e-10	4.4799999999999995e-10	4.4799999999999995e-10	4.4799999999999995e-10	4.4799999999999995e-10
*11*10	2.9881599999999997e-07	2.9881599999999997e-07	2.9881599999999997e-07	2.9881599999999997e-07	2.9881599999999997e-07	2.9881599999999997e-07	2.9881599999999997e-07	2.9881599999999997e-07	2.9881599999999997e-07
*11*11	2.00704e-07	2.00704e-07	2.00704e-07	2.00704e-07	2.00704e-07	2.00704e-07	2.00704e-07	2.00704e-07	2.00704e-07
*11*12	7.1232e-08	7.1232e-08	7.1232e-08	7.1232e-08	7.1232e-08	7.1232e-08	7.1232e-08	7.1232e-08	7.1232e-08
*11*13	8.243199999999999e-08	8.243199999999999e-08	8.243199999999999e-08	8.243199999999999e-08	8.243199999999999e-08	8.243199999999999e-08	8.243199999999999e-08	8.243199999999999e-08	8.243199999999999e-08
*11*14	1.2096e-08	1.2096e-08	1.2096e-08	1.2096e-08	1.2096e-08	1.2096e-08	1.2096e-08	1.2096e-08	1.2096e-08
*11*15	5.83296e-07	5.83296e-07	5.83296e-07	5.83296e-07	5.83296e-07	5.83296e-07	5.83296e-07	5.83296e-07	5.83296e-07
*11*16	4.032e-08	4.032e-08	4.032e-08	4.032e-08	4.032e-08	4.032e-08	4.032e-08	4.032e-08	4.032e-08
*11*17	2.688e-08	2.688e-08	2.688e-08	2.688e-08	2.688e-08	2.688e-08	2.688e-08	2.688e-08	2.688e-08
*11*18	2.41024e-07	2.41024e-07	2.41024e-07	2.41024e-07	2.41024e-07	2.41024e-07	2.41024e-07	2.41024e-07	2.41024e-07
*11*19	1.7671808e-05	1.7671808e-05	1.7671808e-05	1.7671808e-05	1.7671808e-05	1.7671808e-05	1.7671808e-05	1.7671808e-05	1.7671808e-05
*11*20	2.688e-08	2.688e-08	2.688e-08	2.688e-08	2.688e-08	2.688e-08	2.688e-08	2.688e-08	2.688e-08
*11*21	4.4799999999999995e-10	4.4799999999999995e-10	4.4799999999999995e-10	4.4799999999999995e-10	4.4799999999999995e-10	4.4799999999999995e-10	4.4799999999999995e-10	4.4799999999999995e-10	4.4799999999999995e-10
*11*22	1.8789119999999997e-05	1.8789119999999997e-05	1.8789119999999997e-05	1.8789119999999997e-05	1.8789119999999997e-05	1.8789119999999997e-05	1.8789119999999997e-05	1.8789119999999997e-05	1.8789119999999997e-05
*11*23	1.9263999999999998e-07	1.9263999999999998e-07	1.9263999999999998e-07	1.9263999999999998e-07	1.9263999999999998e-07	1.9263999999999998e-07	1.9263999999999998e-07	1.9263999999999998e-07	1.9263999999999998e-07
*11*24	3.136e-08	3.136e-08	3.136e-08	3.136e-08	3.136e-08	3.136e-08	3.136e-08	3.136e-08	3.136e-08
*11*26	8.064e-08	8.064e-08	8.064e-08	8.064e-08	8.064e-08	8.064e-08	8.064e-08	8.064e-08	8.064e-08
*12*1	0.000143963847	0.000143963847	0.000143963847	0.000143963847	0.000143963847	0.000143963847	0.000143963847	0.000143963847	0.000143963847
*12*2	1.09551e-07	1.09551e-07	1.09551e-07	1.09551e-07	1.09551e-07	1.09551e-07	1.09551e-07	1.09551e-07	1.09551e-07
*12*3	1.059576e-06	1.059576e-06	1.059576e-06	1.059576e-06	1.059576e-06	1.059576e-06	1.059576e-06	1.059576e-06	1.059576e-06
*12*4	1.749e-08	1.749e-08	1.749e-08	1.749e-08	1.749e-08	1.749e-08	1.749e-08	1.749e-08	1.749e-08
*12*5	7.95e-09	7.95e-09	7.95e-09	7.95e-09	7.95e-09	7.95e-09	7.95e-09	7.95e-09	7.95e-09
*12*6	2.2259999999999996e-08	2.2259999999999996e-08	2.2259999999999996e-08	2.2259999999999996e-08	2.2259999999999996e-08	2.2259999999999996e-08	2.2259999999999996e-08	2.2259999999999996e-08	2.2259999999999996e-08
*12*7	1.57887e-07	1.57887e-07	1.57887e-07	1.57887e-07	1.57887e-07	1.57887e-07	1.57887e-07	1.57887e-07	1.57887e-07
*12*8	5.056199999999999e-08	5.056199999999999e-08	5.056199999999999e-08	5.056199999999999e-08	5.056199999999999e-08	5.056199999999999e-08	5.056199999999999e-08	5.056199999999999e-08	5.056199999999999e-08
*12*9	1.59e-10	1.59e-10	1.59e-10	1.59e-10	1.59e-10	1.59e-10	1.59e-10	1.59e-10	1.59e-10
*12*10	1.0605299999999999e-07	1.0605299999999999e-07	1.0605299999999999e-07	1.0605299999999999e-07	1.0605299999999999e-07	1.0605299999999999e-07	1.0605299999999999e-07	1.0605299999999999e-07	1.0605299999999999e-07
*12*11	7.1232e-08	7.1232e-08	7.1232e-08	7.1232e-08	7.1232e-08	7.1232e-08	7.1232e-08	7.1232e-08	7.1232e-08
*12*12	2.5280999999999997e-08	2.5280999999999997e-08	2.5280999999999997e-08	2.5280999999999997e-08	2.5280999999999997e-08	2.5280999999999997e-08	2.5280999999999997e-08	2.5280999999999997e-08	2.5280999999999997e-08
*12*13	2.9255999999999997e-08	2.9255999999999997e-08	2.9255999999999997e-08	2.9255999999999997e-08	2.9255999999999997e-08	2.9255999999999997e-08	2.9255999999999997e-08	2.9255999999999997e-08	2.9255999999999997e-08
*12*14	4.292999999999999e-09	4.292999999999999e-09	4.292999999999999e-09	4.292999999999999e-09	4.292999999999999e-09	4.292999999999999e-09	4.292999999999999e-09	4.292999999999999e-09	4.292999999999999e-09
*12*15	2.0701799999999998e-07	2.0701799999999998e-07	2.0701799999999998e-07	2.0701799999999998e-07	2.0701799999999998e-07	2.0701799999999998e-07	2.0701799999999998e-07	2.0701799999999998e-07	2.0701799999999998e-07
*12*16	1.431e-08	1.431e-08	1.431e-08	1.431e-08	1.431e-08	1.431e-08	1.431e-08	1.431e-08	1.431e-08
*12*17	9.54e-09	9.54e-09	9.54e-09	9.54e-09	9.54e-09	9.54e-09	9.54e-09	9.54e-09	9.54e-09
*12*18	8.554199999999999e-08	8.554199999999999e-08	8.554199999999999e-08	8.554199999999999e-08	8.554199999999999e-08	8.554199999999999e-08	8.554199999999999e-08	8.554199999999999e-08	8.554199999999999e-08
*12*19	6.271914e-06	6.271914e-06	6.271914e-06	6.271914e-06	6.271914e-06	6.271914e-06	6.271914e-06	6.271914e-06	6.271914e-06
*12*20	9.54e-09	9.54e-09	9.54e-09	9.54e-09	9.54e-09	9.54e-09	9.54e-09	9.54e-09	9.54e-09
*12*21	1.59e-10	1.59e-10	1.59e-10	1.59e-10	1.59e-10	1.59e-10	1.59e-10	1.59e-10	1.59e-10
*12*22	6.6684599999999995e-06	6.6684599999999995e-06	6.6684599999999995e-06	6.6684599999999995e-06	6.6684599999999995e-06	6.6684599999999995e-06	6.6684599999999995e-06	6.6684599999999995e-06	6.6684599999999995e-06
*12*23	6.837e-08	6.837e-08	6.837e-08	6.837e-08	6.837e-08	6.837e-08	6.837e-08	6.837e-08	6.837e-08
*12*24	1.1129999999999998e-08	1.1129999999999998e-08	1.1129999999999998e-08	1.1129999999999998e-08	1.1129999999999998e-08	1.1129999999999998e-08	1.1129999999999998e-08	1.1129999999999998e-08	1.1129999999999998e-08
*12*26	2.862e-08	2.862e-08	2.862e-08	2.862e-08	2.862e-08	2.862e-08	2.862e-08	2.862e-08	2.862e-08
*13*1	0.00016659967200000002	0.00016659967200000002	0.00016659967200000002	0.00016659967200000002	0.00016659967200000002	0.00016659967200000002	0.00016659967200000002	0.00016659967200000002	0.00016659967200000002
*13*2	1.26776e-07	1.26776e-07	1.26776e-07	1.26776e-07	1.26776e-07	1.26776e-07	1.26776e-07	1.26776e-07	1.26776e-07
*13*3	1.226176e-06	1.226176e-06	1.226176e-06	1.226176e-06	1.226176e-06	1.226176e-06	1.226176e-06	1.226176e-06	1.226176e-06
*13*4	2.024e-08	2.024e-08	2.024e-08	2.024e-08	2.024e-08	2.024e-08	2.024e-08	2.024e-08	2.024e-08
*13*5	9.2e-09	9.2e-09	9.2e-09	9.2e-09	9.2e-09	9.2e-09	9.2e-09	9.2e-09	9.2e-09
*13*6	2.5759999999999997e-08	2.5759999999999997e-08	2.5759999999999997e-08	2.5759999999999997e-08	2.5759999999999997e-08	2.5759999999999997e-08	2.5759999999999997e-08	2.5759999999999997e-08	2.5759999999999997e-08
*13*7	1.82712e-07	1.82712e-07	1.82712e-07	1.82712e-07	1.82712e-07	1.82712e-07	1.82712e-07	1.82712e-07	1.82712e-07
*13*8	5.8511999999999995e-08	5.8511999999999995e-08	5.8511999999999995e-08	5.8511999999999995e-08	5.8511999999999995e-08	5.8511999999999995e-08	5.8511999999999995e-08	5.8511999999999995e-08	5.8511999999999995e-08
*13*9	1.8399999999999998e-10	1.8399999999999998e-10	1.8399999999999998e-10	1.8399999999999998e-10	1.8399999999999998e-10	1.8399999999999998e-10	1.8399999999999998e-10	1.8399999999999998e-10	1.8399999999999998e-10
*13*10	1.2272799999999999e-07	1.2272799999999999e-07	1.2272799999999999e-07	1.2272799999999999e-07	1.2272799999999999e-07	1.2272799999999999e-07	1.2272799999999999e-07	1.2272799999999999e-07	1.2272799999999999e-07
*13*11	8.243199999999999e-08	8.243199999999999e-08	8.243199999999999e-08	8.243199999999999e-08	8.243199999999999e-08	8.243199999999999e-08	8.243199999999999e-08	8.243199999999999e-08	8.243199999999999e-08
*13*12	2.9255999999999997e-08	2.9255999999999997e-08	2.9255999999999997e-08	2.9255999999999997e-08	2.9255999999999997e-08	2.9255999999999997e-08	2.9255999999999997e-08	2.9255999999999997e-08	2.9255999999999997e-08
*13*13	3.3856e-08	3.3856e-08	3.3856e-08	3.3856e-08	3.3856e-08	3.3856e-08	3.3856e-08	3.3856e-08	3.3856e-08
*13*14	4.968e-09	4.968e-09	4.968e-09	4.968e-09	4.968e-09	4.968e-09	4.968e-09	4.968e-09	4.968e-09
*13*15	2.39568e-07	2.39568e-07	2.39568e-07	2.39568e-07	2.39568e-07	2.39568e-07	2.39568e-07	2.39568e-07	2.39568e-07
*13*16	1.656e-08	1.656e-08	1.656e-08	1.656e-08	1.656e-08	1.656e-08	1.656e-08	1.656e-08	1.656e-08
*13*17	1.104e-08	1.104e-08	1.104e-08	1.104e-08	1.104e-08	1.104e-08	1.104e-08	1.104e-08	1.104e-08
*13*18	9.899199999999999e-08	9.899199999999999e-08	9.899199999999999e-08	9.899199999999999e-08	9.899199999999999e-08	9.899199999999999e-08	9.899199999999999e-08	9.899199999999999e-08	9.899199999999999e-08
*13*19	7.258064000000001e-06	7.258064000000001e-06	7.258064000000001e-06	7.258064000000001e-06	7.258064000000001e-06	7.258064000000001e-06	7.258064000000001e-06	7.258064000000001e-06	7.258064000000001e-06
*13*20	1.104e-08	1.104e-08	1.104e-08	1.104e-08	1.104e-08	1.104e-08	1.104e-08	1.104e-08	1.104e-08
*13*21	1.8399999999999998e-10	1.8399999999999998e-10	1.8399999999999998e-10	1.8399999999999998e-10	1.8399999999999998e-10	1.8399999999999998e-10	1.8399999999999998e-10	1.8399999999999998e-10	1.8399999999999998e-10
*13*22	7.71696e-06	7.71696e-06	7.71696e-06	7.71696e-06	7.71696e-06	7.71696e-06	7.71696e-06	7.71696e-06	7.71696e-06
*13*23	7.912e-08	7.912e-08	7.912e-08	7.912e-08	7.912e-08	7.912e-08	7.912e-08	7.912e-08	7.912e-08
*13*24	1.2879999999999999e-08	1.2879999999999999e-08	1.2879999999999999e-08	1.2879999999999999e-08	1.2879999999999999e-08	1.2879999999999999e-08	1.2879999999999999e-08	1.2879999999999999e-08	1.2879999999999999e-08
*13*26	3.312e-08	3.312e-08	3.312e-08	3.312e-08	3.312e-08	3.312e-08	3.312e-08	3.312e-08	3.312e-08
*14*1	2.4446691e-05	2.4446691e-05	2.4446691e-05	2.4446691e-05	2.4446691e-05	2.4446691e-05	2.4446691e-05	2.4446691e-05	2.4446691e-05
*14*2	1.8603e-08	1.8603e-08	1.8603e-08	1.8603e-08	1.8603e-08	1.8603e-08	1.8603e-08	1.8603e-08	1.8603e-08
*14*3	1.79928e-07	1.79928e-07	1.79928e-07	1.79928e-07	1.79928e-07	1.79928e-07	1.79928e-07	1.79928e-07	1.79928e-07
*14*4	2.97e-09	2.97e-09	2.97e-09	2.97e-09	2.97e-09	2.97e-09	2.97e-09	2.97e-09	2.97e-09
*14*5	1.35e-09	1.35e-09	1.35e-09	1.35e-09	1.35e-09	1.35e-09	1.35e-09	1.35e-09	1.35e-09
*14*6	3.78e-09	3.78e-09	3.78e-09	3.78e-09	3.78e-09	3.78e-09	3.78e-09	3.78e-09	3.78e-09
*14*7	2.6810999999999998e-08	2.6810999999999998e-08	2.6810999999999998e-08	2.6810999999999998e-08	2.6810999999999998e-08	2.6810999999999998e-08	2.6810999999999998e-08	2.6810999999999998e-08	2.6810999999999998e-08
*14*8	8.585999999999998e-09	8.585999999999998e-09	8.585999999999998e-09	8.585999999999998e-09	8.585999999999998e-09	8.585999999999998e-09	8.585999999999998e-09	8.585999999999998e-09	8.585999999999998e-09
*14*9	2.6999999999999997e-11	2.6999999999999997e-11	2.6999999999999997e-11	2.6999999999999997e-11	2.6999999999999997e-11	2.6999999999999997e-11	2.6999999999999997e-11	2.6999999999999997e-11	2.6999999999999997e-11
*14*10	1.8009e-08	1.8009e-08	1.8009e-08	1.8009e-08	1.8009e-08	1.8009e-08	1.8009e-08	1.8009e-08	1.8009e-08
*14*11	1.2096e-08	1.2096e-08	1.2096e-08	1.2096e-08	1.2096e-08	1.2096e-08	1.2096e-08	1.2096e-08	1.2096e-08
*14*12	4.292999999999999e-09	4.292999999999999e-09	4.292999999999999e-09	4.292999999999999e-09	4.292999999999999e-09	4.292999999999999e-09	4.292999999999999e-09	4.292999999999999e-09	4.292999999999999e-09
*14*13	4.968e-09	4.968e-09	4.968e-09	4.968e-09	4.968e-09	4.968e-09	4.968e-09	4.968e-09	4.968e-09
*14*14	7.29e-10	7.29e-10	7.29e-10	7.29e-10	7.29e-10	7.29e-10	7.29e-10	7.29e-10	7.29e-10
*14*15	3.5154e-08	3.5154e-08	3.5154e-08	3.5154e-08	3.5154e-08	3.5154e-08	3.5154e-08	3.5154e-08	3.5154e-08
*14*16	2.43e-09	2.43e-09	2.43e-09	2.43e-09	2.43e-09	2.43e-09	2.43e-09	2.43e-09	2.43e-09
*14*17	1.62e-09	1.62e-09	1.62e-09	1.62e-09	1.62e-09	1.62e-09	1.62e-09	1.62e-09	1.62e-09
*14*18	1.4525999999999999e-08	1.4525999999999999e-08	1.4525999999999999e-08	1.4525999999999999e-08	1.4525999999999999e-08	1.4525999999999999e-08	1.4525999999999999e-08	1.4525999999999999e-08	1.4525999999999999e-08
*14*19	1.065042e-06	1.065042e-06	1.065042e-06	1.065042e-06	1.065042e-06	1.065042e-06	1.065042e-06	1.065042e-06	1.065042e-06
*14*20	1.62e-09	1.62e-09	1.62e-09	1.62e-09	1.62e-09	1.62e-09	1.62e-09	1.62e-09	1.62e-09
*14*21	2.6999999999999997e-11	2.6999999999999997e-11	2.6999999999999997e-11	2.6999999999999997e-11	2.6999999999999997e-11	2.6999999999999997e-11	2.6999999999999997e-11	2.6999999999999997e-11	2.6999999999999997e-11
*14*22	1.1323799999999998e-06	1.1323799999999998e-06	1.1323799999999998e-06	1.1323799999999998e-06	1.1323799999999998e-06	1.1323799999999998e-06	1.1323799999999998e-06	1.1323799999999998e-06	1.1323799999999998e-06
*14*23	1.161e-08	1.161e-08	1.161e-08	1.161e-08	1.161e-08	1.161e-08	1.161e-08	1.161e-08	1.161e-08
*14*24	1.89e-09	1.89e-09	1.89e-09	1.89e-09	1.89e-09	1.89e-09	1.89e-09	1.89e-09	1.89e-09
*14*26	4.86e-09	4.86e-09	4.86e-09	4.86e-09	4.86e-09	4.86e-09	4.86e-09	4.86e-09	4.86e-09
*15*1	0.001178873766	0.001178873766	0.001178873766	0.001178873766	0.001178873766	0.001178873766	0.001178873766	0.001178873766	0.001178873766
*15*2	8.970780000000001e-07	8.970780000000001e-07	8.970780000000001e-07	8.970780000000001e-07	8.970780000000001e-07	8.970780000000001e-07	8.970780000000001e-07	8.970780000000001e-07	8.970780000000001e-07
*15*3	8.676527999999999e-06	8.676527999999999e-06	8.676527999999999e-06	8.676527999999999e-06	8.676527999999999e-06	8.676527999999999e-06	8.676527999999999e-06	8.676527999999999e-06	8.676527999999999e-06
*15*4	1.4322e-07	1.4322e-07	1.4322e-07	1.4322e-07	1.4322e-07	1.4322e-07	1.4322e-07	1.4322e-07	1.4322e-07
*15*5	6.510000000000001e-08	6.510000000000001e-08	6.510000000000001e-08	6.510000000000001e-08	6.510000000000001e-08	6.510000000000001e-08	6.510000000000001e-08	6.510000000000001e-08	6.510000000000001e-08
*15*6	1.8228e-07	1.8228e-07	1.8228e-07	1.8228e-07	1.8228e-07	1.8228e-07	1.8228e-07	1.8228e-07	1.8228e-07
*15*7	1.292886e-06	1.292886e-06	1.292886e-06	1.292886e-06	1.292886e-06	1.292886e-06	1.292886e-06	1.292886e-06	1.292886e-06
*15*8	4.1403599999999996e-07	4.1403599999999996e-07	4.1403599999999996e-07	4.1403599999999996e-07	4.1403599999999996e-07	4.1403599999999996e-07	4.1403599999999996e-07	4.1403599999999996e-07	4.1403599999999996e-07
*15*9	1.3019999999999998e-09	1.3019999999999998e-09	1.3019999999999998e-09	1.3019999999999998e-09	1.3019999999999998e-09	1.3019999999999998e-09	1.3019999999999998e-09	1.3019999999999998e-09	1.3019999999999998e-09
*15*10	8.684339999999999e-07	8.684339999999999e-07	8.684339999999999e-07	8.684339999999999e-07	8.684339999999999e-07	8.684339999999999e-07	8.684339999999999e-07	8.684339999999999e-07	8.684339999999999e-07
*15*11	5.83296e-07	5.83296e-07	5.83296e-07	5.83296e-07	5.83296e-07	5.83296e-07	5.83296e-07	5.83296e-07	5.83296e-07
*15*12	2.0701799999999998e-07	2.0701799999999998e-07	2.0701799999999998e-07	2.0701799999999998e-07	2.0701799999999998e-07	2.0701799999999998e-07	2.0701799999999998e-07	2.0701799999999998e-07	2.0701799999999998e-07
*15*13	2.39568e-07	2.39568e-07	2.39568e-07	2.39568e-07	2.39568e-07	2.39568e-07	2.39568e-07	2.39568e-07	2.39568e-07
*15*14	3.5154e-08	3.5154e-08	3.5154e-08	3.5154e-08	3.5154e-08	3.5154e-08	3.5154e-08	3.5154e-08	3.5154e-08
*15*15	1.695204e-06	1.695204e-06	1.695204e-06	1.695204e-06	1.695204e-06	1.695204e-06	1.695204e-06	1.695204e-06	1.695204e-06
*15*16	1.1718000000000001e-07	1.1718000000000001e-07	1.1718000000000001e-07	1.1718000000000001e-07	1.1718000000000001e-07	1.1718000000000001e-07	1.1718000000000001e-07	1.1718000000000001e-07	1.1718000000000001e-07
*15*17	7.812e-08	7.812e-08	7.812e-08	7.812e-08	7.812e-08	7.812e-08	7.812e-08	7.812e-08	7.812e-08
*15*18	7.00476e-07	7.00476e-07	7.00476e-07	7.00476e-07	7.00476e-07	7.00476e-07	7.00476e-07	7.00476e-07	7.00476e-07
*15*19	5.1358692000000005e-05	5.1358692000000005e-05	5.1358692000000005e-05	5.1358692000000005e-05	5.1358692000000005e-05	5.1358692000000005e-05	5.1358692000000005e-05	5.1358692000000005e-05	5.1358692000000005e-05
*15*20	7.812e-08	7.812e-08	7.812e-08	7.812e-08	7.812e-08	7.812e-08	7.812e-08	7.812e-08	7.812e-08
*15*21	1.3019999999999998e-09	1.3019999999999998e-09	1.3019999999999998e-09	1.3019999999999998e-09	1.3019999999999998e-09	1.3019999999999998e-09	1.3019999999999998e-09	1.3019999999999998e-09	1.3019999999999998e-09
*15*22	5.460588e-05	5.460588e-05	5.460588e-05	5.460588e-05	5.460588e-05	5.460588e-05	5.460588e-05	5.460588e-05	5.460588e-05
*15*23	5.5986e-07	5.5986e-07	5.5986e-07	5.5986e-07	5.5986e-07	5.5986e-07	5.5986e-07	5.5986e-07	5.5986e-07
*15*24	9.114e-08	9.114e-08	9.114e-08	9.114e-08	9.114e-08	9.114e-08	9.114e-08	9.114e-08	9.114e-08
*15*26	2.3436000000000002e-07	2.3436000000000002e-07	2.3436000000000002e-07	2.3436000000000002e-07	2.3436000000000002e-07	2.3436000000000002e-07	2.3436000000000002e-07	2.3436000000000002e-07	2.3436000000000002e-07
*16*1	8.148897e-05	8.148897e-05	8.148897e-05	8.148897e-05	8.148897e-05	8.148897e-05	8.148897e-05	8.148897e-05	8.148897e-05
*16*2	6.201000000000001e-08	6.201000000000001e-08	6.201000000000001e-08	6.201000000000001e-08	6.201000000000001e-08	6.201000000000001e-08	6.201000000000001e-08	6.201000000000001e-08	6.201000000000001e-08
*16*3	5.9976e-07	5.9976e-07	5.9976e-07	5.9976e-07	5.9976e-07	5.9976e-07	5.9976e-07	5.9976e-07	5.9976e-07
*16*4	9.900000000000001e-09	9.900000000000001e-09	9.900000000000001e-09	9.900000000000001e-09	9.900000000000001e-09	9.900000000000001e-09	9.900000000000001e-09	9.900000000000001e-09	9.900000000000001e-09
*16*5	4.500000000000001e-09	4.500000000000001e-09	4.500000000000001e-09	4.500000000000001e-09	4.500000000000001e-09	4.500000000000001e-09	4.500000000000001e-09	4.500000000000001e-09	4.500000000000001e-09
*16*6	1.26e-08	1.26e-08	1.26e-08	1.26e-08	1.26e-08	1.26e-08	1.26e-08	1.26e-08	1.26e-08
*16*7	8.937e-08	8.937e-08	8.937e-08	8.937e-08	8.937e-08	8.937e-08	8.937e-08	8.937e-08	8.937e-08
*16*8	2.862e-08	2.862e-08	2.862e-08	2.862e-08	2.862e-08	2.862e-08	2.862e-08	2.862e-08	2.862e-08
*16*9	9e-11	9e-11	9e-11	9e-11	9e-11	9e-11	9e-11	9e-11	9e-11
*16*10	6.003e-08	6.003e-08	6.003e-08	6.003e-08	6.003e-08	6.003e-08	6.003e-08	6.003e-08	6.003e-08
*16*11	4.032e-08	4.032e-08	4.032e-08	4.032e-08	4.032e-08	4.032e-08	4.032e-08	4.032e-08	4.032e-08
*16*12	1.431e-08	1.431e-08	1.431e-08	1.431e-08	1.431e-08	1.431e-08	1.431e-08	1.431e-08	1.431e-08
*16*13	1.656e-08	1.656e-08	1.656e-08	1.656e-08	1.656e-08	1.656e-08	1.656e-08	1.656e-08	1.656e-08
*16*14	2.43e-09	2.43e-09	2.43e-09	2.43e-09	2.43e-09	2.43e-09	2.43e-09	2.43e-09	2.43e-09
*16*15	1.1718000000000001e-07	1.1718000000000001e-07	1.1718000000000001e-07	1.1718000000000001e-07	1.1718000000000001e-07	1.1718000000000001e-07	1.1718000000000001e-07	1.1718000000000001e-07	1.1718000000000001e-07
*16*16	8.100000000000001e-09	8.100000000000001e-09	8.100000000000001e-09	8.100000000000001e-09	8.100000000000001e-09	8.100000000000001e-09	8.100000000000001e-09	8.100000000000001e-09	8.100000000000001e-09
*16*17	5.4e-09	5.4e-09	5.4e-09	5.4e-09	5.4e-09	5.4e-09	5.4e-09	5.4e-09	5.4e-09
*16*18	4.842e-08	4.842e-08	4.842e-08	4.842e-08	4.842e-08	4.842e-08	4.842e-08	4.842e-08	4.842e-08
*16*19	3.5501400000000004e-06	3.5501400000000004e-06	3.5501400000000004e-06	3.5501400000000004e-06	3.5501400000000004e-06	3.5501400000000004e-06	3.5501400000000004e-06	3.5501400000000004e-06	3.5501400000000004e-06
*16*20	5.4e-09	5.4e-09	5.4e-09	5.4e-09	5.4e-09	5.4e-09	5.4e-09	5.4e-09	5.4e-09
*16*21	9e-11	9e-11	9e-11	9e-11	9e-11	9e-11	9e-11	9e-11	9e-11
*16*22	3.7746000000000002e-06	3.7746000000000002e-06	3.7746000000000002e-06	3.7746000000000002e-06	3.7746000000000002e-06	3.7746000000000002e-06	3.7746000000000002e-06	3.7746000000000002e-06	3.7746000000000002e-06
*16*23	3.87e-08	3.87e-08	3.87e-08	3.87e-08	3.87e-08	3.87e-08	3.87e-08	3.87e-08	3.87e-08
*16*24	6.3e-09	6.3e-09	6.3e-09	6.3e-09	6.3e-09	6.3e-09	6.3e-09	6.3e-09	6.3e-09
*16*26	1.6200000000000003e-08	1.6200000000000003e-08	1.6200000000000003e-08	1.6200000000000003e-08	1.6200000000000003e-08	1.6200000000000003e-08	1.6200000000000003e-08	1.6200000000000003e-08	1.6200000000000003e-08
*17*1	5.432598000000001e-05	5.432598000000001e-05	5.432598000000001e-05	5.432598000000001e-05	5.432598000000001e-05	5.432598000000001e-05	5.432598000000001e-05	5.432598000000001e-05	5.432598000000001e-05
*17*2	4.1340000000000005e-08	4.1340000000000005e-08	4.1340000000000005e-08	4.1340000000000005e-08	4.1340000000000005e-08	4.1340000000000005e-08	4.1340000000000005e-08	4.1340000000000005e-08	4.1340000000000005e-08
*17*3	3.9984e-07	3.9984e-07	3.9984e-07	3.9984e-07	3.9984e-07	3.9984e-07	3.9984e-07	3.9984e-07	3.9984e-07
*17*4	6.6e-09	6.6e-09	6.6e-09	6.6e-09	6.6e-09	6.6e-09	6.6e-09	6.6e-09	6.6e-09
*17*5	3.0000000000000004e-09	3.0000000000000004e-09	3.0000000000000004e-09	3.0000000000000004e-09	3.0000000000000004e-09	3.0000000000000004e-09	3.0000000000000004e-09	3.0000000000000004e-09	3.0000000000000004e-09
*17*6	8.399999999999999e-09	8.399999999999999e-09	8.399999999999999e-09	8.399999999999999e-09	8.399999999999999e-09	8.399999999999999e-09	8.399999999999999e-09	8.399999999999999e-09	8.399999999999999e-09
*17*7	5.958e-08	5.958e-08	5.958e-08	5.958e-08	5.958e-08	5.958e-08	5.958e-08	5.958e-08	5.958e-08
*17*8	1.908e-08	1.908e-08	1.908e-08	1.908e-08	1.908e-08	1.908e-08	1.908e-08	1.908e-08	1.908e-08
*17*9	6e-11	6e-11	6e-11	6e-11	6e-11	6e-11	6e-11	6e-11	6e-11
*17*10	4.002e-08	4.002e-08	4.002e-08	4.002e-08	4.002e-08	4.002e-08	4.002e-08	4.002e-08	4.002e-08
*17*11	2.688e-08	2.688e-08	2.688e-08	2.688e-08	2.688e-08	2.688e-08	2.688e-08	2.688e-08	2.688e-08
*17*12	9.54e-09	9.54e-09	9.54e-09	9.54e-09	9.54e-09	9.54e-09	9.54e-09	9.54e-09	9.54e-09
*17*13	1.104e-08	1.104e-08	1.104e-08	1.104e-08	1.104e-08	1.104e-08	1.104e-08	1.104e-08	1.104e-08
*17*14	1.62e-09	1.62e-09	1.62e-09	1.62e-09	1.62e-09	1.62e-09	1.62e-09	1.62e-09	1.62e-09
*17*15	7.812e-08	7.812e-08	7.812e-08	7.812e-08	7.812e-08	7.812e-08	7.812e-08	7.812e-08	7.812e-08
*17*16	5.4e-09	5.4e-09	5.4e-09	5.4e-09	5.4e-09	5.4e-09	5.4e-09	5.4e-09	5.4e-09
*17*17	3.6e-09	3.6e-09	3.6e-09	3.6e-09	3.6e-09	3.6e-09	3.6e-09	3.6e-09	3.6e-09
*17*18	3.2279999999999995e-08	3.2279999999999995e-08	3.2279999999999995e-08	3.2279999999999995e-08	3.2279999999999995e-08	3.2279999999999995e-08	3.2279999999999995e-08	3.2279999999999995e-08	3.2279999999999995e-08
*17*19	2.36676e-06	2.36676e-06	2.36676e-06	2.36676e-06	2.36676e-06	2.36676e-06	2.36676e-06	2.36676e-06	2.36676e-06
*17*20	3.6e-09	3.6e-09	3.6e-09	3.6e-09	3.6e-09	3.6e-09	3.6e-09	3.6e-09	3.6e-09
*17*21	6e-11	6e-11	6e-11	6e-11	6e-11	6e-11	6e-11	6e-11	6e-11
*17*22	2.5163999999999997e-06	2.5163999999999997e-06	2.5163999999999997e-06	2.5163999999999997e-06	2.5163999999999997e-06	2.5163999999999997e-06	2.5163999999999997e-06	2.5163999999999997e-06	2.5163999999999997e-06
*17*23	2.58e-08	2.58e-08	2.58e-08	2.58e-08	2.58e-08	2.58e-08	2.58e-08	2.58e-08	2.58e-08
*17*24	4.1999999999999996e-09	4.1999999999999996e-09	4.1999999999999996e-09	4.1999999999999996e-09	4.1999999999999996e-09	4.1999999999999996e-09	4.1999999999999996e-09	4.1999999999999996e-09	4.1999999999999996e-09
*17*26	1.08e-08	1.08e-08	1.08e-08	1.08e-08	1.08e-08	1.08e-08	1.08e-08	1.08e-08	1.08e-08
*18*1	0.00048712295399999997	0.00048712295399999997	0.00048712295399999997	0.00048712295399999997	0.00048712295399999997	0.00048712295399999997	0.00048712295399999997	0.00048712295399999997	0.00048712295399999997
*18*2	3.70682e-07	3.70682e-07	3.70682e-07	3.70682e-07	3.70682e-07	3.70682e-07	3.70682e-07	3.70682e-07	3.70682e-07
*18*3	3.5852319999999996e-06	3.5852319999999996e-06	3.5852319999999996e-06	3.5852319999999996e-06	3.5852319999999996e-06	3.5852319999999996e-06	3.5852319999999996e-06	3.5852319999999996e-06	3.5852319999999996e-06
*18*4	5.918e-08	5.918e-08	5.918e-08	5.918e-08	5.918e-08	5.918e-08	5.918e-08	5.918e-08	5.918e-08
*18*5	2.69e-08	2.69e-08	2.69e-08	2.69e-08	2.69e-08	2.69e-08	2.69e-08	2.69e-08	2.69e-08
*18*6	7.531999999999999e-08	7.531999999999999e-08	7.531999999999999e-08	7.531999999999999e-08	7.531999999999999e-08	7.531999999999999e-08	7.531999999999999e-08	7.531999999999999e-08	7.531999999999999e-08
*18*7	5.342339999999999e-07	5.342339999999999e-07	5.342339999999999e-07	5.342339999999999e-07	5.342339999999999e-07	5.342339999999999e-07	5.342339999999999e-07	5.342339999999999e-07	5.342339999999999e-07
*18*8	1.7108399999999997e-07	1.7108399999999997e-07	1.7108399999999997e-07	1.7108399999999997e-07	1.7108399999999997e-07	1.7108399999999997e-07	1.7108399999999997e-07	1.7108399999999997e-07	1.7108399999999997e-07
*18*9	5.379999999999999e-10	5.379999999999999e-10	5.379999999999999e-10	5.379999999999999e-10	5.379999999999999e-10	5.379999999999999e-10	5.379999999999999e-10	5.379999999999999e-10	5.379999999999999e-10
*18*10	3.5884599999999996e-07	3.5884599999999996e-07	3.5884599999999996e-07	3.5884599999999996e-07	3.5884599999999996e-07	3.5884599999999996e-07	3.5884599999999996e-07	3.5884599999999996e-07	3.5884599999999996e-07
*18*11	2.41024e-07	2.41024e-07	2.41024e-07	2.41024e-07	2.41024e-07	2.41024e-07	2.41024e-07	2.41024e-07	2.41024e-07
*18*12	8.554199999999999e-08	8.554199999999999e-08	8.554199999999999e-08	8.554199999999999e-08	8.554199999999999e-08	8.554199999999999e-08	8.554199999999999e-08	8.554199999999999e-08	8.554199999999999e-08
*18*13	9.899199999999999e-08	9.899199999999999e-08	9.899199999999999e-08	9.899199999999999e-08	9.899199999999999e-08	9.899199999999999e-08	9.899199999999999e-08	9.899199999999999e-08	9.899199999999999e-08
*18*14	1.4525999999999999e-08	1.4525999999999999e-08	1.4525999999999999e-08	1.4525999999999999e-08	1.4525999999999999e-08	1.4525999999999999e-08	1.4525999999999999e-08	1.4525999999999999e-08	1.4525999999999999e-08
*18*15	7.00476e-07	7.00476e-07	7.00476e-07	7.00476e-07	7.00476e-07	7.00476e-07	7.00476e-07	7.00476e-07	7.00476e-07
*18*16	4.842e-08	4.842e-08	4.842e-08	4.842e-08	4.842e-08	4.842e-08	4.842e-08	4.842e-08	4.842e-08
*18*17	3.2279999999999995e-08	3.2279999999999995e-08	3.2279999999999995e-08	3.2279999999999995e-08	3.2279999999999995e-08	3.2279999999999995e-08	3.2279999999999995e-08	3.2279999999999995e-08	3.2279999999999995e-08
*18*18	2.89444e-07	2.89444e-07	2.89444e-07	2.89444e-07	2.89444e-07	2.89444e-07	2.89444e-07	2.89444e-07	2.89444e-07
*18*19	2.1221948e-05	2.1221948e-05	2.1221948e-05	2.1221948e-05	2.1221948e-05	2.1221948e-05	2.1221948e-05	2.1221948e-05	2.1221948e-05
*18*20	3.2279999999999995e-08	3.2279999999999995e-08	3.2279999999999995e-08	3.2279999999999995e-08	3.2279999999999995e-08	3.2279999999999995e-08	3.2279999999999995e-08	3.2279999999999995e-08	3.2279999999999995e-08
*18*21	5.379999999999999e-10	5.379999999999999e-10	5.379999999999999e-10	5.379999999999999e-10	5.379999999999999e-10	5.379999999999999e-10	5.379999999999999e-10	5.379999999999999e-10	5.379999999999999e-10
*18*22	2.2563719999999997e-05	2.2563719999999997e-05	2.2563719999999997e-05	2.2563719999999997e-05	2.2563719999999997e-05	2.2563719999999997e-05	2.2563719999999997e-05	2.2563719999999997e-05	2.2563719999999997e-05
*18*23	2.3133999999999998e-07	2.3133999999999998e-07	2.3133999999999998e-07	2.3133999999999998e-07	2.3133999999999998e-07	2.3133999999999998e-07	2.3133999999999998e-07	2.3133999999999998e-07	2.3133999999999998e-07
*18*24	3.7659999999999994e-08	3.7659999999999994e-08	3.7659999999999994e-08	3.7659999999999994e-08	3.7659999999999994e-08	3.7659999999999994e-08	3.7659999999999994e-08	3.7659999999999994e-08	3.7659999999999994e-08
*18*26	9.684e-08	9.684e-08	9.684e-08	9.684e-08	9.684e-08	9.684e-08	9.684e-08	9.684e-08	9.684e-08
*19*1	0.035715710118	0.035715710118	0.035715710118	0.035715710118	0.035715710118	0.035715710118	0.035715710118	0.035715710118	0.035715710118
*19*2	2.7178294000000004e-05	2.7178294000000004e-05	2.7178294000000004e-05	2.7178294000000004e-05	2.7178294000000004e-05	2.7178294000000004e-05	2.7178294000000004e-05	2.7178294000000004e-05	2.7178294000000004e-05
*19*3	0.000262868144	0.000262868144	0.000262868144	0.000262868144	0.000262868144	0.000262868144	0.000262868144	0.000262868144	0.000262868144
*19*4	4.33906e-06	4.33906e-06	4.33906e-06	4.33906e-06	4.33906e-06	4.33906e-06	4.33906e-06	4.33906e-06	4.33906e-06
*19*5	1.9723e-06	1.9723e-06	1.9723e-06	1.9723e-06	1.9723e-06	1.9723e-06	1.9723e-06	1.9723e-06	1.9723e-06
*19*6	5.52244e-06	5.52244e-06	5.52244e-06	5.52244e-06	5.52244e-06	5.52244e-06	5.52244e-06	5.52244e-06	5.52244e-06
*19*7	3.9169878e-05	3.9169878e-05	3.9169878e-05	3.9169878e-05	3.9169878e-05	3.9169878e-05	3.9169878e-05	3.9169878e-05	3.9169878e-05
*19*8	1.2543828e-05	1.2543828e-05	1.2543828e-05	1.2543828e-05	1.2543828e-05	1.2543828e-05	1.2543828e-05	1.2543828e-05	1.2543828e-05
*19*9	3.9446e-08	3.9446e-08	3.9446e-08	3.9446e-08	3.9446e-08	3.9446e-08	3.9446e-08	3.9446e-08	3.9446e-08
*19*10	2.6310482e-05	2.6310482e-05	2.6310482e-05	2.6310482e-05	2.6310482e-05	2.6310482e-05	2.6310482e-05	2.6310482e-05	2.6310482e-05
*19*11	1.7671808e-05	1.7671808e-05	1.7671808e-05	1.7671808e-05	1.7671808e-05	1.7671808e-05	1.7671808e-05	1.7671808e-05	1.7671808e-05
*19*12	6.271914e-06	6.271914e-06	6.271914e-06	6.271914e-06	6.271914e-06	6.271914e-06	6.271914e-06	6.271914e-06	6.271914e-06
*19*13	7.258064000000001e-06	7.258064000000001e-06	7.258064000000001e-06	7.258064000000001e-06	7.258064000000001e-06	7.258064000000001e-06	7.258064000000001e-06	7.258064000000001e-06	7.258064000000001e-06
*19*14	1.065042e-06	1.065042e-06	1.065042e-06	1.065042e-06	1.065042e-06	1.065042e-06	1.065042e-06	1.065042e-06	1.065042e-06
*19*15	5.1358692000000005e-05	5.1358692000000005e-05	5.1358692000000005e-05	5.1358692000000005e-05	5.1358692000000005e-05	5.1358692000000005e-05	5.1358692000000005e-05	5.1358692000000005e-05	5.1358692000000005e-05
*19*16	3.5501400000000004e-06	3.5501400000000004e-06	3.5501400000000004e-06	3.5501400000000004e-06	3.5501400000000004e-06	3.5501400000000004e-06	3.5501400000000004e-06	3.5501400000000004e-06	3.5501400000000004e-06
*19*17	2.36676e-06	2.36676e-06	2.36676e-06	2.36676e-06	2.36676e-06	2.36676e-06	2.36676e-06	2.36676e-06	2.36676e-06
*19*18	2.1221948e-05	2.1221948e-05	2.1221948e-05	2.1221948e-05	2.1221948e-05	2.1221948e-05	2.1221948e-05	2.1221948e-05	2.1221948e-05
*19*19	0.0015559869160000001	0.0015559869160000001	0.0015559869160000001	0.0015559869160000001	0.0015559869160000001	0.0015559869160000001	0.0015559869160000001	0.0015559869160000001	0.0015559869160000001
*19*20	2.36676e-06	2.36676e-06	2.36676e-06	2.36676e-06	2.36676e-06	2.36676e-06	2.36676e-06	2.36676e-06	2.36676e-06
*19*21	3.9446e-08	3.9446e-08	3.9446e-08	3.9446e-08	3.9446e-08	3.9446e-08	3.9446e-08	3.9446e-08	3.9446e-08
*19*22	0.00165436524	0.00165436524	0.00165436524	0.00165436524	0.00165436524	0.00165436524	0.00165436524	0.00165436524	0.00165436524
*19*23	1.696178e-05	1.696178e-05	1.696178e-05	1.696178e-05	1.696178e-05	1.696178e-05	1.696178e-05	1.696178e-05	1.696178e-05
*19*24	2.76122e-06	2.76122e-06	2.76122e-06	2.76122e-06	2.76122e-06	2.76122e-06	2.76122e-06	2.76122e-06	2.76122e-06
*19*26	7.100280000000001e-06	7.100280000000001e-06	7.100280000000001e-06	7.100280000000001e-06	7.100280000000001e-06	7.100280000000001e-06	7.100280000000001e-06	7.100280000000001e-06	7.100280000000001e-06
*20*1	5.432598000000001e-05	5.432598000000001e-05	5.432598000000001e-05	5.432598000000001e-05	5.432598000000001e-05	5.432598000000001e-05	5.432598000000001e-05	5.432598000000001e-05	5.432598000000001e-05
*20*2	4.1340000000000005e-08	4.1340000000000005e-08	4.1340000000000005e-08	4.1340000000000005e-08	4.1340000000000005e-08	4.1340000000000005e-08	4.1340000000000005e-08	4.1340000000000005e-08	4.1340000000000005e-08
*20*3	3.9984e-07	3.9984e-07	3.9984e-07	3.9984e-07	3.9984e-07	3.9984e-07	3.9984e-07	3.9984e-07	3.9984e-07
*20*4	6.6e-09	6.6e-09	6.6e-09	6.6e-09	6.6e-09	6.6e-09	6.6e-09	6.6e-09	6.6e-09
*20*5	3.0000000000000004e-09	3.0000000000000004e-09	3.0000000000000004e-09	3.0000000000000004e-09	3.0000000000000004e-09	3.0000000000000004e-09	3.0000000000000004e-09	3.0000000000000004e-09	3.0000000000000004e-09
*20*6	8.399999999999999e-09	8.399999999999999e-09	8.399999999999999e-09	8.399999999999999e-09	8.399999999999999e-09	8.399999999999999e-09	8.399999999999999e-09	8.399999999999999e-09	8.399999999999999e-09
*20*7	5.958e-08	5.958e-08	5.958e-08	5.958e-08	5.958e-08	5.958e-08	5.958e-08	5.958e-08	5.958e-08
*20*8	1.908e-08	1.908e-08	1.908e-08	1.908e-08	1.908e-08	1.908e-08	1.908e-08	1.908e-08	1.908e-08
*20*9	6e-11	6e-11	6e-11	6e-11	6e-11	6e-11	6e-11	6e-11	6e-11
*20*10	4.002e-08	4.002e-08	4.002e-08	4.002e-08	4.002e-08	4.002e-08	4.002e-08	4.002e-08	4.002e-08
*20*11	2.688e-08	2.688e-08	2.688e-08	2.688e-08	2.688e-08	2.688e-08	2.688e-08	2.688e-08	2.688e-08
*20*12	9.54e-09	9.54e-09	9.54e-09	9.54e-09	9.54e-09	9.54e-09	9.54e-09	9.54e-09	9.54e-09
*20*13	1.104e-08	1.104e-08	1.104e-08	1.104e-08	1.104e-08	1.104e-08	1.104e-08	1.104e-08	1.104e-08
*20*14	1.62e-09	1.62e-09	1.62e-09	1.62e-09	1.62e-09	1.62e-09	1.62e-09	1.62e-09	1.62e-09
*20*15	7.812e-08	7.812e-08	7.812e-08	7.812e-08	7.812e-08	7.812e-08	7.812e-08	7.812e-08	7.812e-08
*20*16	5.4e-09	5.4e-09	5.4e-09	5.4e-09	5.4e-09	5.4e-09	5.4e-09	5.4e-09	5.4e-09
*20*17	3.6e-09	3.6e-09	3.6e-09	3.6e-09	3.6e-09	3.6e-09	3.6e-09	3.6e-09	3.6e-09
*20*18	3.2279999999999995e-08	3.2279999999999995e-08	3.2279999999999995e-08	3.2279999999999995e-08	3.2279999999999995e-08	3.2279999999999995e-08	3.2279999999999995e-08	3.2279999999999995e-08	3.2279999999999995e-08
*20*19	2.36676e-06	2.36676e-06	2.36676e-06	2.36676e-06	2.36676e-06	2.36676e-06	2.36676e-06	2.36676e-06	2.36676e-06
*20*20	3.6e-09	3.6e-09	3.6e-09	3.6e-09	3.6e-09	3.6e-09	3.6e-09	3.6e-09	3.6e-09
*20*21	6e-11	6e-11	6e-11	6e-11	6e-11	6e-11	6e-11	6e-11	6e-11
*20*22	2.5163999999999997e-06	2.5163999999999997e-06	2.5163999999999997e-06	2.5163999999999997e-06	2.5163999999999997e-06	2.5163999999999997e-06	2.5163999999999997e-06	2.5163999999999997e-06	2.5163999999999997e-06
*20*23	2.58e-08	2.58e-08	2.58e-08	2.58e-08	2.58e-08	2.58e-08	2.58e-08	2.58e-08	2.58e-08
*20*24	4.1999999999999996e-09	4.1999999999999996e-09	4.1999999999999996e-09	4.1999999999999996e-09	4.1999999999999996e-09	4.1999999999999996e-09	4.1999999999999996e-09	4.1999999999999996e-09	4.1999999999999996e-09
*20*26	1.08e-08	1.08e-08	1.08e-08	1.08e-08	1.08e-08	1.08e-08	1.08e-08	1.08e-08	1.08e-08
*21*1	9.05433e-07	9.05433e-07	9.05433e-07	9.05433e-07	9.05433e-07	9.05433e-07	9.05433e-07	9.05433e-07	9.05433e-07
*21*2	6.89e-10	6.89e-10	6.89e-10	6.89e-10	6.89e-10	6.89e-10	6.89e-10	6.89e-10	6.89e-10
*21*3	6.663999999999999e-09	6.663999999999999e-09	6.663999999999999e-09	6.663999999999999e-09	6.663999999999999e-09	6.663999999999999e-09	6.663999999999999e-09	6.663999999999999e-09	6.663999999999999e-09
*21*4	1.1e-10	1.1e-10	1.1e-10	1.1e-10	1.1e-10	1.1e-10	1.1e-10	1.1e-10	1.1e-10
*21*5	5e-11	5e-11	5e-11	5e-11	5e-11	5e-11	5e-11	5e-11	5e-11
*21*6	1.3999999999999998e-10	1.3999999999999998e-10	1.3999999999999998e-10	1.3999999999999998e-10	1.3999999999999998e-10	1.3999999999999998e-10	1.3999999999999998e-10	1.3999999999999998e-10	1.3999999999999998e-10
*21*7	9.93e-10	9.93e-10	9.93e-10	9.93e-10	9.93e-10	9.93e-10	9.93e-10	9.93e-10	9.93e-10
*21*8	3.18e-10	3.18e-10	3.18e-10	3.18e-10	3.18e-10	3.18e-10	3.18e-10	3.18e-10	3.18e-10
*21*9	1e-12	1e-12	1e-12	1e-12	1e-12	1e-12	1e-12	1e-12	1e-12
*21*10	6.669999999999999e-10	6.669999999999999e-10	6.669999999999999e-10	6.669999999999999e-10	6.669999999999999e-10	6.669999999999999e-10	6.669999999999999e-10	6.669999999999999e-10	6.669999999999999e-10
*21*11	4.4799999999999995e-10	4.4799999999999995e-10	4.4799999999999995e-10	4.4799999999999995e-10	4.4799999999999995e-10	4.4799999999999995e-10	4.4799999999999995e-10	4.4799999999999995e-10	4.4799999999999995e-10
*21*12	1.59e-10	1.59e-10	1.59e-10	1.59e-10	1.59e-10	1.59e-10	1.59e-10	1.59e-10	1.59e-10
*21*13	1.8399999999999998e-10	1.8399999999999998e-10	1.8399999999999998e-10	1.8399999999999998e-10	1.8399999999999998e-10	1.8399999999999998e-10	1.8399999999999998e-10	1.8399999999999998e-10	1.8399999999999998e-10
*21*14	2.6999999999999997e-11	2.6999999999999997e-11	2.6999999999999997e-11	2.6999999999999997e-11	2.6999999999999997e-11	2.6999999999999997e-11	2.6999999999999997e-11	2.6999999999999997e-11	2.6999999999999997e-11
*21*15	1.3019999999999998e-09	1.3019999999999998e-09	1.3019999999999998e-09	1.3019999999999998e-09	1.3019999999999998e-09	1.3019999999999998e-09	1.3019999999999998e-09	1.3019999999999998e-09	1.3019999999999998e-09
*21*16	9e-11	9e-11	9e-11	9e-11	9e-11	9e-11	9e-11	9e-11	9e-11
*21*17	6e-11	6e-11	6e-11	6e-11	6e-11	6e-11	6e-11	6e-11	6e-11
*21*18	5.379999999999999e-10	5.379999999999999e-10	5.379999999999999e-10	5.379999999999999e-10	5.379999999999999e-10	5.379999999999999e-10	5.379999999999999e-10	5.379999999999999e-10	5.379999999999999e-10
*21*19	3.9446e-08	3.9446e-08	3.9446e-08	3.9446e-08	3.9446e-08	3.9446e-08	3.9446e-08	3.9446e-08	3.9446e-08
*21*20	6e-11	6e-11	6e-11	6e-11	6e-11	6e-11	6e-11	6e-11	6e-11
*21*21	1e-12	1e-12	1e-12	1e-12	1e-12	1e-12	1e-12	1e-12	1e-12
*21*22	4.194e-08	4.194e-08	4.194e-08	4.194e-08	4.194e-08	4.194e-08	4.194e-08	4.194e-08	4.194e-08
*21*23	4.2999999999999996e-10	4.2999999999999996e-10	4.2999999999999996e-10	4.2999999999999996e-10	4.2999999999999996e-10	4.2999999999999996e-10	4.2999999999999996e-10	4.2999999999999996e-10	4.2999999999999996e-10
*21*24	6.999999999999999e-11	6.999999999999999e-11	6.999999999999999e-11	6.999999999999999e-11	6.999999999999999e-11	6.999999999999999e-11	6.999999999999999e-11	6.999999999999999e-11	6.999999999999999e-11
*21*26	1.8e-10	1.8e-10	1.8e-10	1.8e-10	1.8e-10	1.8e-10	1.8e-10	1.8e-10	1.8e-10
*22*1	0.03797386002	0.03797386002	0.03797386002	0.03797386002	0.03797386002	0.03797386002	0.03797386002	0.03797386002	0.03797386002
*22*2	2.889666e-05	2.889666e-05	2.889666e-05	2.889666e-05	2.889666e-05	2.889666e-05	2.889666e-05	2.889666e-05	2.889666e-05
*22*3	0.00027948816	0.00027948816	0.00027948816	0.00027948816	0.00027948816	0.00027948816	0.00027948816	0.00027948816	0.00027948816
*22*4	4.6134e-06	4.6134e-06	4.6134e-06	4.6134e-06	4.6134e-06	4.6134e-06	4.6134e-06	4.6134e-06	4.6134e-06
*22*5	2.097e-06	2.097e-06	2.097e-06	2.097e-06	2.097e-06	2.097e-06	2.097e-06	2.097e-06	2.097e-06
*22*6	5.871599999999999e-06	5.871599999999999e-06	5.871599999999999e-06	5.871599999999999e-06	5.871599999999999e-06	5.871599999999999e-06	5.871599999999999e-06	5.871599999999999e-06	5.871599999999999e-06
*22*7	4.1646419999999996e-05	4.1646419999999996e-05	4.1646419999999996e-05	4.1646419999999996e-05	4.1646419999999996e-05	4.1646419999999996e-05	4.1646419999999996e-05	4.1646419999999996e-05	4.1646419999999996e-05
*22*8	1.3336919999999999e-05	1.3336919999999999e-05	1.3336919999999999e-05	1.3336919999999999e-05	1.3336919999999999e-05	1.3336919999999999e-05	1.3336919999999999e-05	1.3336919999999999e-05	1.3336919999999999e-05
*22*9	4.194e-08	4.194e-08	4.194e-08	4.194e-08	4.194e-08	4.194e-08	4.194e-08	4.194e-08	4.194e-08
*22*10	2.7973979999999995e-05	2.7973979999999995e-05	2.7973979999999995e-05	2.7973979999999995e-05	2.7973979999999995e-05	2.7973979999999995e-05	2.7973979999999995e-05	2.7973979999999995e-05	2.7973979999999995e-05
*22*11	1.8789119999999997e-05	1.8789119999999997e-05	1.8789119999999997e-05	1.8789119999999997e-05	1.8789119999999997e-05	1.8789119999999997e-05	1.8789119999999997e-05	1.8789119999999997e-05	1.8789119999999997e-05
*22*12	6.6684599999999995e-06	6.6684599999999995e-06	6.6684599999999995e-06	6.6684599999999995e-06	6.6684599999999995e-06	6.6684599999999995e-06	6.6684599999999995e-06	6.6684599999999995e-06	6.6684599999999995e-06
*22*13	7.71696e-06	7.71696e-06	7.71696e-06	7.71696e-06	7.71696e-06	7.71696e-06	7.71696e-06	7.71696e-06	7.71696e-06
*22*14	1.1323799999999998e-06	1.1323799999999998e-06	1.1323799999999998e-06	1.1323799999999998e-06	1.1323799999999998e-06	1.1323799999999998e-06	1.1323799999999998e-06	1.1323799999999998e-06	1.1323799999999998e-06
*22*15	5.460588e-05	5.460588e-05	5.460588e-05	5.460588e-05	5.460588e-05	5.460588e-05	5.460588e-05	5.460588e-05	5.460588e-05
*22*16	3.7746000000000002e-06	3.7746000000000002e-06	3.7746000000000002e-06	3.7746000000000002e-06	3.7746000000000002e-06	3.7746000000000002e-06	3.7746000000000002e-06	3.7746000000000002e-06	3.7746000000000002e-06
*22*17	2.5163999999999997e-06	2.5163999999999997e-06	2.5163999999999997e-06	2.5163999999999997e-06	2.5163999999999997e-06	2.5163999999999997e-06	2.5163999999999997e-06	2.5163999999999997e-06	2.5163999999999997e-06
*22*18	2.2563719999999997e-05	2.2563719999999997e-05	2.2563719999999997e-05	2.2563719999999997e-05	2.2563719999999997e-05	2.2563719999999997e-05	2.2563719999999997e-05	2.2563719999999997e-05	2.2563719999999997e-05
*22*19	0.00165436524	0.00165436524	0.00165436524	0.00165436524	0.00165436524	0.00165436524	0.00165436524	0.00165436524	0.00165436524
*22*20	2.5163999999999997e-06	2.5163999999999997e-06	2.5163999999999997e-06	2.5163999999999997e-06	2.5163999999999997e-06	2.5163999999999997e-06	2.5163999999999997e-06	2.5163999999999997e-06	2.5163999999999997e-06
*22*21	4.194e-08	4.194e-08	4.194e-08	4.194e-08	4.194e-08	4.194e-08	4.194e-08	4.194e-08	4.194e-08
*22*22	0.0017589635999999999	0.0017589635999999999	0.0017589635999999999	0.0017589635999999999	0.0017589635999999999	0.0017589635999999999	0.0017589635999999999	0.0017589635999999999	0.0017589635999999999
*22*23	1.8034199999999998e-05	1.8034199999999998e-05	1.8034199999999998e-05	1.8034199999999998e-05	1.8034199999999998e-05	1.8034199999999998e-05	1.8034199999999998e-05	1.8034199999999998e-05	1.8034199999999998e-05
*22*24	2.9357999999999995e-06	2.9357999999999995e-06	2.9357999999999995e-06	2.9357999999999995e-06	2.9357999999999995e-06	2.9357999999999995e-06	2.9357999999999995e-06	2.9357999999999995e-06	2.9357999999999995e-06
*22*26	7.5492000000000005e-06	7.5492000000000005e-06	7.5492000000000005e-06	7.5492000000000005e-06	7.5492000000000005e-06	7.5492000000000005e-06	7.5492000000000005e-06	7.5492000000000005e-06	7.5492000000000005e-06
*23*1	0.00038933619	0.00038933619	0.00038933619	0.00038933619	0.00038933619	0.00038933619	0.00038933619	0.00038933619	0.00038933619
*23*2	2.9627e-07	2.9627e-07	2.9627e-07	2.9627e-07	2.9627e-07	2.9627e-07	2.9627e-07	2.9627e-07	2.9627e-07
*23*3	2.8655199999999996e-06	2.8655199999999996e-06	2.8655199999999996e-06	2.8655199999999996e-06	2.8655199999999996e-06	2.8655199999999996e-06	2.8655199999999996e-06	2.8655199999999996e-06	2.8655199999999996e-06
*23*4	4.73e-08	4.73e-08	4.73e-08	4.73e-08	4.73e-08	4.73e-08	4.73e-08	4.73e-08	4.73e-08
*23*5	2.15e-08	2.15e-08	2.15e-08	2.15e-08	2.15e-08	2.15e-08	2.15e-08	2.15e-08	2.15e-08
*23*6	6.02e-08	6.02e-08	6.02e-08	6.02e-08	6.02e-08	6.02e-08	6.02e-08	6.02e-08	6.02e-08
*23*7	4.2699e-07	4.2699e-07	4.2699e-07	4.2699e-07	4.2699e-07	4.2699e-07	4.2699e-07	4.2699e-07	4.2699e-07
*23*8	1.3674e-07	1.3674e-07	1.3674e-07	1.3674e-07	1.3674e-07	1.3674e-07	1.3674e-07	1.3674e-07	1.3674e-07
*23*9	4.2999999999999996e-10	4.2999999999999996e-10	4.2999999999999996e-10	4.2999999999999996e-10	4.2999999999999996e-10	4.2999999999999996e-10	4.2999999999999996e-10	4.2999999999999996e-10	4.2999999999999996e-10
*23*10	2.8680999999999996e-07	2.8680999999999996e-07	2.8680999999999996e-07	2.8680999999999996e-07	2.8680999999999996e-07	2.8680999999999996e-07	2.8680999999999996e-07	2.8680999999999996e-07	2.8680999999999996e-07
*23*11	1.9263999999999998e-07	1.9263999999999998e-07	1.9263999999999998e-07	1.9263999999999998e-07	1.9263999999999998e-07	1.9263999999999998e-07	1.9263999999999998e-07	1.9263999999999998e-07	1.9263999999999998e-07
*23*12	6.837e-08	6.837e-08	6.837e-08	6.837e-08	6.837e-08	6.837e-08	6.837e-08	6.837e-08	6.837e-08
*23*13	7.912e-08	7.912e-08	7.912e-08	7.912e-08	7.912e-08	7.912e-08	7.912e-08	7.912e-08	7.912e-08
*23*14	1.161e-08	1.161e-08	1.161e-08	1.161e-08	1.161e-08	1.161e-08	1.161e-08	1.161e-08	1.161e-08
*23*15	5.5986e-07	5.5986e-07	5.5986e-07	5.5986e-07	5.5986e-07	5.5986e-07	5.5986e-07	5.5986e-07	5.5986e-07
*23*16	3.87e-08	3.87e-08	3.87e-08	3.87e-08	3.87e-08	3.87e-08	3.87e-08	3.87e-08	3.87e-08
*23*17	2.58e-08	2.58e-08	2.58e-08	2.58e-08	2.58e-08	2.58e-08	2.58e-08	2.58e-08	2.58e-08
*23*18	2.3133999999999998e-07	2.3133999999999998e-07	2.3133999999999998e-07	2.3133999999999998e-07	2.3133999999999998e-07	2.3133999999999998e-07	2.3133999999999998e-07	2.3133999999999998e-07	2.3133999999999998e-07
*23*19	1.696178e-05	1.696178e-05	1.696178e-05	1.696178e-05	1.696178e-05	1.696178e-05	1.696178e-05	1.696178e-05	1.696178e-05
*23*20	2.58e-08	2.58e-08	2.58e-08	2.58e-08	2.58e-08	2.58e-08	2.58e-08	2.58e-08	2.58e-08
*23*21	4.2999999999999996e-10	4.2999999999999996e-10	4.2999999999999996e-10	4.2999999999999996e-10	4.2999999999999996e-10	4.2999999999999996e-10	4.2999999999999996e-10	4.2999999999999996e-10	4.2999999999999996e-10
*23*22	1.8034199999999998e-05	1.8034199999999998e-05	1.8034199999999998e-05	1.8034199999999998e-05	1.8034199999999998e-05	1.8034199999999998e-05	1.8034199999999998e-05	1.8034199999999998e-05	1.8034199999999998e-05
*23*23	1.849e-07	1.849e-07	1.849e-07	1.849e-07	1.849e-07	1.849e-07	1.849e-07	1.849e-07	1.849e-07
*23*24	3.01e-08	3.01e-08	3.01e-08	3.01e-08	3.01e-08	3.01e-08	3.01e-08	3.01e-08	3.01e-08
*23*26	7.74e-08	7.74e-08	7.74e-08	7.74e-08	7.74e-08	7.74e-08	7.74e-08	7.74e-08	7.74e-08
*24*1	6.338031e-05	6.338031e-05	6.338031e-05	6.338031e-05	6.338031e-05	6.338031e-05	6.338031e-05	6.338031e-05	6.338031e-05
*24*2	4.823e-08	4.823e-08	4.823e-08	4.823e-08	4.823e-08	4.823e-08	4.823e-08	4.823e-08	4.823e-08
*24*3	4.664799999999999e-07	4.664799999999999e-07	4.664799999999999e-07	4.664799999999999e-07	4.664799999999999e-07	4.664799999999999e-07	4.664799999999999e-07	4.664799999999999e-07	4.664799999999999e-07
*24*4	7.7e-09	7.7e-09	7.7e-09	7.7e-09	7.7e-09	7.7e-09	7.7e-09	7.7e-09	7.7e-09
*24*5	3.5e-09	3.5e-09	3.5e-09	3.5e-09	3.5e-09	3.5e-09	3.5e-09	3.5e-09	3.5e-09
*24*6	9.799999999999998e-09	9.799999999999998e-09	9.799999999999998e-09	9.799999999999998e-09	9.799999999999998e-09	9.799999999999998e-09	9.799999999999998e-09	9.799999999999998e-09	9.799999999999998e-09
*24*7	6.950999999999999e-08	6.950999999999999e-08	6.950999999999999e-08	6.950999999999999e-08	6.950999999999999e-08	6.950999999999999e-08	6.950999999999999e-08	6.950999999999999e-08	6.950999999999999e-08
*24*8	2.2259999999999996e-08	2.2259999999999996e-08	2.2259999999999996e-08	2.2259999999999996e-08	2.2259999999999996e-08	2.2259999999999996e-08	2.2259999999999996e-08	2.2259999999999996e-08	2.2259999999999996e-08
*24*9	6.999999999999999e-11	6.999999999999999e-11	6.999999999999999e-11	6.999999999999999e-11	6.999999999999999e-11	6.999999999999999e-11	6.999999999999999e-11	6.999999999999999e-11	6.999999999999999e-11
*24*10	4.668999999999999e-08	4.668999999999999e-08	4.668999999999999e-08	4.668999999999999e-08	4.668999999999999e-08	4.668999999999999e-08	4.668999999999999e-08	4.668999999999999e-08	4.668999999999999e-08
*24*11	3.136e-08	3.136e-08	3.136e-08	3.136e-08	3.136e-08	3.136e-08	3.136e-08	3.136e-08	3.136e-08
*24*12	1.1129999999999998e-08	1.1129999999999998e-08	1.1129999999999998e-08	1.1129999999999998e-08	1.1129999999999998e-08	1.1129999999999998e-08	1.1129999999999998e-08	1.1129999999999998e-08	1.1129999999999998e-08
*24*13	1.2879999999999999e-08	1.2879999999999999e-08	1.2879999999999999e-08	1.2879999999999999e-08	1.2879999999999999e-08	1.2879999999999999e-08	1.2879999999999999e-08	1.2879999999999999e-08	1.2879999999999999e-08
*24*14	1.89e-09	1.89e-09	1.89e-09	1.89e-09	1.89e-09	1.89e-09	1.89e-09	1.89e-09	1.89e-09
*24*15	9.114e-08	9.114e-08	9.114e-08	9.114e-08	9.114e-08	9.114e-08	9.114e-08	9.114e-08	9.114e-08
*24*16	6.3e-09	6.3e-09	6.3e-09	6.3e-09	6.3e-09	6.3e-09	6.3e-09	6.3e-09	6.3e-09
*24*17	4.1999999999999996e-09	4.1999999999999996e-09	4.1999999999999996e-09	4.1999999999999996e-09	4.1999999999999996e-09	4.1999999999999996e-09	4.1999999999999996e-09	4.1999999999999996e-09	4.1999999999999996e-09
*24*18	3.7659999999999994e-08	3.7659999999999994e-08	3.7659999999999994e-08	3.7659999999999994e-08	3.7659999999999994e-08	3.7659999999999994e-08	3.7659999999999994e-08	3.7659999999999994e-08	3.7659999999999994e-08
*24*19	2.76122e-06	2.76122e-06	2.76122e-06	2.76122e-06	2.76122e-06	2.76122e-06	2.76122e-06	2.76122e-06	2.76122e-06
*24*20	4.1999999999999996e-09	4.1999999999999996e-09	4.1999999999999996e-09	4.1999999999999996e-09	4.1999999999999996e-09	4.1999999999999996e-09	4.1999999999999996e-09	4.1999999999999996e-09	4.1999999999999996e-09
*24*21	6.999999999999999e-11	6.999999999999999e-11	6.999999999999999e-11	6.999999999999999e-11	6.999999999999999e-11	6.999999999999999e-11	6.999999999999999e-11	6.999999999999999e-11	6.999999999999999e-11
*24*22	2.9357999999999995e-06	2.9357999999999995e-06	2.9357999999999995e-06	2.9357999999999995e-06	2.9357999999999995e-06	2.9357999999999995e-06	2.9357999999999995e-06	2.9357999999999995e-06	2.9357999999999995e-06
*24*23	3.01e-08	3.01e-08	3.01e-08	3.01e-08	3.01e-08	3.01e-08	3.01e-08	3.01e-08	3.01e-08
*24*24	4.899999999999999e-09	4.899999999999999e-09	4.899999999999999e-09	4.899999999999999e-09	4.899999999999999e-09	4.899999999999999e-09	4.899999999999999e-09	4.899999999999999e-09	4.899999999999999e-09
*24*26	1.26e-08	1.26e-08	1.26e-08	1.26e-08	1.26e-08	1.26e-08	1.26e-08	1.26e-08	1.26e-08
*26*1	0.00016297794	0.00016297794	0.00016297794	0.00016297794	0.00016297794	0.00016297794	0.00016297794	0.00016297794	0.00016297794
*26*2	1.2402000000000002e-07	1.2402000000000002e-07	1.2402000000000002e-07	1.2402000000000002e-07	1.2402000000000002e-07	1.2402000000000002e-07	1.2402000000000002e-07	1.2402000000000002e-07	1.2402000000000002e-07
*26*3	1.19952e-06	1.19952e-06	1.19952e-06	1.19952e-06	1.19952e-06	1.19952e-06	1.19952e-06	1.19952e-06	1.19952e-06
*26*4	1.9800000000000002e-08	1.9800000000000002e-08	1.9800000000000002e-08	1.9800000000000002e-08	1.9800000000000002e-08	1.9800000000000002e-08	1.9800000000000002e-08	1.9800000000000002e-08	1.9800000000000002e-08
*26*5	9.000000000000001e-09	9.000000000000001e-09	9.000000000000001e-09	9.000000000000001e-09	9.000000000000001e-09	9.000000000000001e-09	9.000000000000001e-09	9.000000000000001e-09	9.000000000000001e-09
*26*6	2.52e-08	2.52e-08	2.52e-08	2.52e-08	2.52e-08	2.52e-08	2.52e-08	2.52e-08	2.52e-08
*26*7	1.7874e-07	1.7874e-07	1.7874e-07	1.7874e-07	1.7874e-07	1.7874e-07	1.7874e-07	1.7874e-07	1.7874e-07
*26*8	5.724e-08	5.724e-08	5.724e-08	5.724e-08	5.724e-08	5.724e-08	5.724e-08	5.724e-08	5.724e-08
*26*9	1.8e-10	1.8e-10	1.8e-10	1.8e-10	1.8e-10	1.8e-10	1.8e-10	1.8e-10	1.8e-10
*26*10	1.2006e-07	1.2006e-07	1.2006e-07	1.2006e-07	1.2006e-07	1.2006e-07	1.2006e-07	1.2006e-07	1.2006e-07
*26*11	8.064e-08	8.064e-08	8.064e-08	8.064e-08	8.064e-08	8.064e-08	8.064e-08	8.064e-08	8.064e-08
*26*12	2.862e-08	2.862e-08	2.862e-08	2.862e-08	2.862e-08	2.862e-08	2.862e-08	2.862e-08	2.862e-08
*26*13	3.312e-08	3.312e-08	3.312e-08	3.312e-08	3.312e-08	3.312e-08	3.312e-08	3.312e-08	3.312e-08
*26*14	4.86e-09	4.86e-09	4.86e-09	4.86e-09	4.86e-09	4.86e-09	4.86e-09	4.86e-09	4.86e-09
*26*15	2.3436000000000002e-07	2.3436000000000002e-07	2.3436000000000002e-07	2.3436000000000002e-07	2.3436000000000002e-07	2.3436000000000002e-07	2.3436000000000002e-07	2.3436000000000002e-07	2.3436000000000002e-07
*26*16	1.6200000000000003e-08	1.6200000000000003e-08	1.6200000000000003e-08	1.6200000000000003e-08	1.6200000000000003e-08	1.6200000000000003e-08	1.6200000000000003e-08	1.6200000000000003e-08	1.6200000000000003e-08
*26*17	1.08e-08	1.08e-08	1.08e-08	1.08e-08	1.08e-08	1.08e-08	1.08e-08	1.08e-08	1.08e-08
*26*18	9.684e-08	9.684e-08	9.684e-08	9.684e-08	9.684e-08	9.684e-08	9.684e-08	9.684e-08	9.684e-08
*26*19	7.100280000000001e-06	7.100280000000001e-06	7.100280000000001e-06	7.100280000000001e-06	7.100280000000001e-06	7.100280000000001e-06	7.100280000000001e-06	7.100280000000001e-06	7.100280000000001e-06
*26*20	1.08e-08	1.08e-08	1.08e-08	1.08e-08	1.08e-08	1.08e-08	1.08e-08	1.08e-08	1.08e-08
*26*21	1.8e-10	1.8e-10	1.8e-10	1.8e-10	1.8e-10	1.8e-10	1.8e-10	1.8e-10	1.8e-10
*26*22	7.5492000000000005e-06	7.5492000000000005e-06	7.5492000000000005e-06	7.5492000000000005e-06	7.5492000000000005e-06	7.5492000000000005e-06	7.5492000000000005e-06	7.5492000000000005e-06	7.5492000000000005e-06
*26*23	7.74e-08	7.74e-08	7.74e-08	7.74e-08	7.74e-08	7.74e-08	7.74e-08	7.74e-08	7.74e-08
*26*24	1.26e-08	1.26e-08	1.26e-08	1.26e-08	1.26e-08	1.26e-08	1.26e-08	1.26e-08	1.26e-08
*26*26	3.2400000000000006e-08	3.2400000000000006e-08	3.2400000000000006e-08	3.2400000000000006e-08	3.2400000000000006e-08	3.2400000000000006e-08	3.2400000000000006e-08	3.2400000000000006e-08	3.2400000000000006e-08
