CYP3A5_allelec	African_American_Afro_Caribbean	American	Central_South_Asian	East_Asian	European	Latino	Near_Eastern	Oceanian	Sub_Saharan_African
*1*1	0.20511841000000003	1e-12	0.10673289	0.06431296	0.00549081	0.029859840000000002	0.014859609999999999	1e-12	0.22982436
*1*2	4.529e-07	1e-12	3.267e-07	2.536e-07	7.41e-08	1.728e-07	1.219e-07	1e-12	4.794e-07
*1*3	0.1431164	1e-12	0.21996711	0.18913488	0.06849804	0.13220928	0.10192058999999999	1e-12	0.11548746
*1*4	4.529e-07	1e-12	3.267e-07	2.536e-07	7.41e-08	1.728e-07	1.219e-07	1e-12	4.794e-07
*1*5	4.529e-07	1e-12	3.267e-07	2.536e-07	7.41e-08	1.728e-07	1.219e-07	1e-12	4.794e-07
*1*6	0.05036248	1e-12	3.267e-07	0.00017752	0.00011115	0.006410880000000001	0.00464439	1e-12	0.09262008000000001
*1*7	0.054348	1e-12	3.267e-07	2.536e-07	7.41e-08	0.00432	0.00047540999999999995	1e-12	0.041420160000000004
*1*8	4.529e-07	1e-12	3.267e-07	2.536e-07	7.41e-08	1.728e-07	1.219e-07	1e-12	4.794e-07
*1*9	4.529e-07	1e-12	3.267e-07	2.536e-07	7.41e-08	1.728e-07	1.219e-07	1e-12	4.794e-07
*2*1	4.529e-07	1e-12	3.267e-07	2.536e-07	7.41e-08	1.728e-07	1.219e-07	1e-12	4.794e-07
*2*2	1e-12	1e-12	1e-12	1e-12	1e-12	1e-12	1e-12	1e-12	1e-12
*2*3	3.1599999999999997e-07	1e-12	6.733e-07	7.458e-07	9.244e-07	7.651e-07	8.360999999999999e-07	1e-12	2.409e-07
*2*4	1e-12	1e-12	1e-12	1e-12	1e-12	1e-12	1e-12	1e-12	1e-12
*2*5	1e-12	1e-12	1e-12	1e-12	1e-12	1e-12	1e-12	1e-12	1e-12
*2*6	1.1119999999999999e-07	1e-12	1e-12	7e-10	1.5e-09	3.71e-08	3.81e-08	1e-12	1.932e-07
*2*7	1.2e-07	1e-12	1e-12	1e-12	1e-12	2.5e-08	3.899999999999999e-09	1e-12	8.64e-08
*2*8	1e-12	1e-12	1e-12	1e-12	1e-12	1e-12	1e-12	1e-12	1e-12
*2*9	1e-12	1e-12	1e-12	1e-12	1e-12	1e-12	1e-12	1e-12	1e-12
*3*1	0.1431164	1e-12	0.21996711	0.18913488	0.06849804	0.13220928	0.10192058999999999	1e-12	0.11548746
*3*2	3.1599999999999997e-07	1e-12	6.733e-07	7.458e-07	9.244e-07	7.651e-07	8.360999999999999e-07	1e-12	2.409e-07
*3*3	0.099856	1e-12	0.45333289	0.5562176400000001	0.85451536	0.58537801	0.6990632099999999	1e-12	0.058032810000000004
*3*4	3.1599999999999997e-07	1e-12	6.733e-07	7.458e-07	9.244e-07	7.651e-07	8.360999999999999e-07	1e-12	2.409e-07
*3*5	3.1599999999999997e-07	1e-12	6.733e-07	7.458e-07	9.244e-07	7.651e-07	8.360999999999999e-07	1e-12	2.409e-07
*3*6	0.035139199999999995	1e-12	6.733e-07	0.00052206	0.0013866	0.02838521	0.03185541	1e-12	0.04654188
*3*7	0.03792	1e-12	6.733e-07	7.458e-07	9.244e-07	0.019127500000000002	0.0032607899999999995	1e-12	0.02081376
*3*8	3.1599999999999997e-07	1e-12	6.733e-07	7.458e-07	9.244e-07	7.651e-07	8.360999999999999e-07	1e-12	2.409e-07
*3*9	3.1599999999999997e-07	1e-12	6.733e-07	7.458e-07	9.244e-07	7.651e-07	8.360999999999999e-07	1e-12	2.409e-07
*4*1	4.529e-07	1e-12	3.267e-07	2.536e-07	7.41e-08	1.728e-07	1.219e-07	1e-12	4.794e-07
*4*2	1e-12	1e-12	1e-12	1e-12	1e-12	1e-12	1e-12	1e-12	1e-12
*4*3	3.1599999999999997e-07	1e-12	6.733e-07	7.458e-07	9.244e-07	7.651e-07	8.360999999999999e-07	1e-12	2.409e-07
*4*4	1e-12	1e-12	1e-12	1e-12	1e-12	1e-12	1e-12	1e-12	1e-12
*4*5	1e-12	1e-12	1e-12	1e-12	1e-12	1e-12	1e-12	1e-12	1e-12
*4*6	1.1119999999999999e-07	1e-12	1e-12	7e-10	1.5e-09	3.71e-08	3.81e-08	1e-12	1.932e-07
*4*7	1.2e-07	1e-12	1e-12	1e-12	1e-12	2.5e-08	3.899999999999999e-09	1e-12	8.64e-08
*4*8	1e-12	1e-12	1e-12	1e-12	1e-12	1e-12	1e-12	1e-12	1e-12
*4*9	1e-12	1e-12	1e-12	1e-12	1e-12	1e-12	1e-12	1e-12	1e-12
*5*1	4.529e-07	1e-12	3.267e-07	2.536e-07	7.41e-08	1.728e-07	1.219e-07	1e-12	4.794e-07
*5*2	1e-12	1e-12	1e-12	1e-12	1e-12	1e-12	1e-12	1e-12	1e-12
*5*3	3.1599999999999997e-07	1e-12	6.733e-07	7.458e-07	9.244e-07	7.651e-07	8.360999999999999e-07	1e-12	2.409e-07
*5*4	1e-12	1e-12	1e-12	1e-12	1e-12	1e-12	1e-12	1e-12	1e-12
*5*5	1e-12	1e-12	1e-12	1e-12	1e-12	1e-12	1e-12	1e-12	1e-12
*5*6	1.1119999999999999e-07	1e-12	1e-12	7e-10	1.5e-09	3.71e-08	3.81e-08	1e-12	1.932e-07
*5*7	1.2e-07	1e-12	1e-12	1e-12	1e-12	2.5e-08	3.899999999999999e-09	1e-12	8.64e-08
*5*8	1e-12	1e-12	1e-12	1e-12	1e-12	1e-12	1e-12	1e-12	1e-12
*5*9	1e-12	1e-12	1e-12	1e-12	1e-12	1e-12	1e-12	1e-12	1e-12
*6*1	0.05036248	1e-12	3.267e-07	0.00017752	0.00011115	0.006410880000000001	0.00464439	1e-12	0.09262008000000001
*6*2	1.1119999999999999e-07	1e-12	1e-12	7e-10	1.5e-09	3.71e-08	3.81e-08	1e-12	1.932e-07
*6*3	0.035139199999999995	1e-12	6.733e-07	0.00052206	0.0013866	0.02838521	0.03185541	1e-12	0.04654188
*6*4	1.1119999999999999e-07	1e-12	1e-12	7e-10	1.5e-09	3.71e-08	3.81e-08	1e-12	1.932e-07
*6*5	1.1119999999999999e-07	1e-12	1e-12	7e-10	1.5e-09	3.71e-08	3.81e-08	1e-12	1.932e-07
*6*6	0.012365439999999998	1e-12	1e-12	4.9e-07	2.25e-06	0.00137641	0.00145161	1e-12	0.037326240000000004
*6*7	0.013343999999999998	1e-12	1e-12	7e-10	1.5e-09	0.0009275	0.00014859	1e-12	0.016692480000000003
*6*8	1.1119999999999999e-07	1e-12	1e-12	7e-10	1.5e-09	3.71e-08	3.81e-08	1e-12	1.932e-07
*6*9	1.1119999999999999e-07	1e-12	1e-12	7e-10	1.5e-09	3.71e-08	3.81e-08	1e-12	1.932e-07
*7*1	0.054348	1e-12	3.267e-07	2.536e-07	7.41e-08	0.00432	0.00047540999999999995	1e-12	0.041420160000000004
*7*2	1.2e-07	1e-12	1e-12	1e-12	1e-12	2.5e-08	3.899999999999999e-09	1e-12	8.64e-08
*7*3	0.03792	1e-12	6.733e-07	7.458e-07	9.244e-07	0.019127500000000002	0.0032607899999999995	1e-12	0.02081376
*7*4	1.2e-07	1e-12	1e-12	1e-12	1e-12	2.5e-08	3.899999999999999e-09	1e-12	8.64e-08
*7*5	1.2e-07	1e-12	1e-12	1e-12	1e-12	2.5e-08	3.899999999999999e-09	1e-12	8.64e-08
*7*6	0.013343999999999998	1e-12	1e-12	7e-10	1.5e-09	0.0009275	0.00014859	1e-12	0.016692480000000003
*7*7	0.0144	1e-12	1e-12	1e-12	1e-12	0.0006250000000000001	1.5209999999999998e-05	1e-12	0.0074649600000000005
*7*8	1.2e-07	1e-12	1e-12	1e-12	1e-12	2.5e-08	3.899999999999999e-09	1e-12	8.64e-08
*7*9	1.2e-07	1e-12	1e-12	1e-12	1e-12	2.5e-08	3.899999999999999e-09	1e-12	8.64e-08
*8*1	4.529e-07	1e-12	3.267e-07	2.536e-07	7.41e-08	1.728e-07	1.219e-07	1e-12	4.794e-07
*8*2	1e-12	1e-12	1e-12	1e-12	1e-12	1e-12	1e-12	1e-12	1e-12
*8*3	3.1599999999999997e-07	1e-12	6.733e-07	7.458e-07	9.244e-07	7.651e-07	8.360999999999999e-07	1e-12	2.409e-07
*8*4	1e-12	1e-12	1e-12	1e-12	1e-12	1e-12	1e-12	1e-12	1e-12
*8*5	1e-12	1e-12	1e-12	1e-12	1e-12	1e-12	1e-12	1e-12	1e-12
*8*6	1.1119999999999999e-07	1e-12	1e-12	7e-10	1.5e-09	3.71e-08	3.81e-08	1e-12	1.932e-07
*8*7	1.2e-07	1e-12	1e-12	1e-12	1e-12	2.5e-08	3.899999999999999e-09	1e-12	8.64e-08
*8*8	1e-12	1e-12	1e-12	1e-12	1e-12	1e-12	1e-12	1e-12	1e-12
*8*9	1e-12	1e-12	1e-12	1e-12	1e-12	1e-12	1e-12	1e-12	1e-12
*9*1	4.529e-07	1e-12	3.267e-07	2.536e-07	7.41e-08	1.728e-07	1.219e-07	1e-12	4.794e-07
*9*2	1e-12	1e-12	1e-12	1e-12	1e-12	1e-12	1e-12	1e-12	1e-12
*9*3	3.1599999999999997e-07	1e-12	6.733e-07	7.458e-07	9.244e-07	7.651e-07	8.360999999999999e-07	1e-12	2.409e-07
*9*4	1e-12	1e-12	1e-12	1e-12	1e-12	1e-12	1e-12	1e-12	1e-12
*9*5	1e-12	1e-12	1e-12	1e-12	1e-12	1e-12	1e-12	1e-12	1e-12
*9*6	1.1119999999999999e-07	1e-12	1e-12	7e-10	1.5e-09	3.71e-08	3.81e-08	1e-12	1.932e-07
*9*7	1.2e-07	1e-12	1e-12	1e-12	1e-12	2.5e-08	3.899999999999999e-09	1e-12	8.64e-08
*9*8	1e-12	1e-12	1e-12	1e-12	1e-12	1e-12	1e-12	1e-12	1e-12
*9*9	1e-12	1e-12	1e-12	1e-12	1e-12	1e-12	1e-12	1e-12	1e-12
