NUDT15_allelec	African_American_Afro_Caribbean	American	Central_South_Asian	East_Asian	European	Latino	Near_Eastern	Oceanian	Sub_Saharan_African
*1*1	1e-12	1e-12	0.8649000000000001	0.772641	0.986049	0.8760960000000001	1e-12	1e-12	1e-12
*1*2	1e-12	1e-12	9.3e-07	0.030765000000000004	9.929999999999999e-07	0.034632	1e-12	1e-12	1e-12
*1*3	1e-12	1e-12	0.062310000000000004	0.053619	0.001986	0.007488000000000001	1e-12	1e-12	1e-12
*1*4	1e-12	1e-12	9.3e-07	0.000879	9.929999999999999e-07	0.016848	1e-12	1e-12	1e-12
*1*5	1e-12	1e-12	9.3e-07	0.009668999999999999	9.929999999999999e-07	9.36e-07	1e-12	1e-12	1e-12
*1*6	1e-12	1e-12	0.00186	0.011427	0.002979	0.0018720000000000002	1e-12	1e-12	1e-12
*1*7	1e-12	1e-12	9.3e-07	0.000879	9.929999999999999e-07	9.36e-07	1e-12	1e-12	1e-12
*1*8	1e-12	1e-12	9.3e-07	8.79e-07	9.929999999999999e-07	9.36e-07	1e-12	1e-12	1e-12
*1*9	1e-12	1e-12	9.3e-07	8.79e-07	0.001986	9.36e-07	1e-12	1e-12	1e-12
*2*1	1e-12	1e-12	9.3e-07	0.030765000000000004	9.929999999999999e-07	0.034632	1e-12	1e-12	1e-12
*2*2	1e-12	1e-12	1e-12	0.0012250000000000002	1e-12	0.0013689999999999998	1e-12	1e-12	1e-12
*2*3	1e-12	1e-12	6.7e-08	0.002135	2e-09	0.000296	1e-12	1e-12	1e-12
*2*4	1e-12	1e-12	1e-12	3.5000000000000004e-05	1e-12	0.0006659999999999999	1e-12	1e-12	1e-12
*2*5	1e-12	1e-12	1e-12	0.00038500000000000003	1e-12	3.6999999999999994e-08	1e-12	1e-12	1e-12
*2*6	1e-12	1e-12	2e-09	0.000455	3e-09	7.4e-05	1e-12	1e-12	1e-12
*2*7	1e-12	1e-12	1e-12	3.5000000000000004e-05	1e-12	3.6999999999999994e-08	1e-12	1e-12	1e-12
*2*8	1e-12	1e-12	1e-12	3.5e-08	1e-12	3.6999999999999994e-08	1e-12	1e-12	1e-12
*2*9	1e-12	1e-12	1e-12	3.5e-08	2e-09	3.6999999999999994e-08	1e-12	1e-12	1e-12
*3*1	1e-12	1e-12	0.062310000000000004	0.053619	0.001986	0.007488000000000001	1e-12	1e-12	1e-12
*3*2	1e-12	1e-12	6.7e-08	0.002135	2e-09	0.000296	1e-12	1e-12	1e-12
*3*3	1e-12	1e-12	0.004489000000000001	0.003721	4e-06	6.4e-05	1e-12	1e-12	1e-12
*3*4	1e-12	1e-12	6.7e-08	6.1e-05	2e-09	0.000144	1e-12	1e-12	1e-12
*3*5	1e-12	1e-12	6.7e-08	0.0006709999999999999	2e-09	8e-09	1e-12	1e-12	1e-12
*3*6	1e-12	1e-12	0.000134	0.000793	6e-06	1.6e-05	1e-12	1e-12	1e-12
*3*7	1e-12	1e-12	6.7e-08	6.1e-05	2e-09	8e-09	1e-12	1e-12	1e-12
*3*8	1e-12	1e-12	6.7e-08	6.099999999999999e-08	2e-09	8e-09	1e-12	1e-12	1e-12
*3*9	1e-12	1e-12	6.7e-08	6.099999999999999e-08	4e-06	8e-09	1e-12	1e-12	1e-12
*4*1	1e-12	1e-12	9.3e-07	0.000879	9.929999999999999e-07	0.016848	1e-12	1e-12	1e-12
*4*2	1e-12	1e-12	1e-12	3.5000000000000004e-05	1e-12	0.0006659999999999999	1e-12	1e-12	1e-12
*4*3	1e-12	1e-12	6.7e-08	6.1e-05	2e-09	0.000144	1e-12	1e-12	1e-12
*4*4	1e-12	1e-12	1e-12	1e-06	1e-12	0.00032399999999999996	1e-12	1e-12	1e-12
*4*5	1e-12	1e-12	1e-12	1.1e-05	1e-12	1.8e-08	1e-12	1e-12	1e-12
*4*6	1e-12	1e-12	2e-09	1.3e-05	3e-09	3.6e-05	1e-12	1e-12	1e-12
*4*7	1e-12	1e-12	1e-12	1e-06	1e-12	1.8e-08	1e-12	1e-12	1e-12
*4*8	1e-12	1e-12	1e-12	1e-09	1e-12	1.8e-08	1e-12	1e-12	1e-12
*4*9	1e-12	1e-12	1e-12	1e-09	2e-09	1.8e-08	1e-12	1e-12	1e-12
*5*1	1e-12	1e-12	9.3e-07	0.009668999999999999	9.929999999999999e-07	9.36e-07	1e-12	1e-12	1e-12
*5*2	1e-12	1e-12	1e-12	0.00038500000000000003	1e-12	3.6999999999999994e-08	1e-12	1e-12	1e-12
*5*3	1e-12	1e-12	6.7e-08	0.0006709999999999999	2e-09	8e-09	1e-12	1e-12	1e-12
*5*4	1e-12	1e-12	1e-12	1.1e-05	1e-12	1.8e-08	1e-12	1e-12	1e-12
*5*5	1e-12	1e-12	1e-12	0.00012099999999999999	1e-12	1e-12	1e-12	1e-12	1e-12
*5*6	1e-12	1e-12	2e-09	0.00014299999999999998	3e-09	2e-09	1e-12	1e-12	1e-12
*5*7	1e-12	1e-12	1e-12	1.1e-05	1e-12	1e-12	1e-12	1e-12	1e-12
*5*8	1e-12	1e-12	1e-12	1.1e-08	1e-12	1e-12	1e-12	1e-12	1e-12
*5*9	1e-12	1e-12	1e-12	1.1e-08	2e-09	1e-12	1e-12	1e-12	1e-12
*6*1	1e-12	1e-12	0.00186	0.011427	0.002979	0.0018720000000000002	1e-12	1e-12	1e-12
*6*2	1e-12	1e-12	2e-09	0.000455	3e-09	7.4e-05	1e-12	1e-12	1e-12
*6*3	1e-12	1e-12	0.000134	0.000793	6e-06	1.6e-05	1e-12	1e-12	1e-12
*6*4	1e-12	1e-12	2e-09	1.3e-05	3e-09	3.6e-05	1e-12	1e-12	1e-12
*6*5	1e-12	1e-12	2e-09	0.00014299999999999998	3e-09	2e-09	1e-12	1e-12	1e-12
*6*6	1e-12	1e-12	4e-06	0.000169	9e-06	4e-06	1e-12	1e-12	1e-12
*6*7	1e-12	1e-12	2e-09	1.3e-05	3e-09	2e-09	1e-12	1e-12	1e-12
*6*8	1e-12	1e-12	2e-09	1.2999999999999999e-08	3e-09	2e-09	1e-12	1e-12	1e-12
*6*9	1e-12	1e-12	2e-09	1.2999999999999999e-08	6e-06	2e-09	1e-12	1e-12	1e-12
*7*1	1e-12	1e-12	9.3e-07	0.000879	9.929999999999999e-07	9.36e-07	1e-12	1e-12	1e-12
*7*2	1e-12	1e-12	1e-12	3.5000000000000004e-05	1e-12	3.6999999999999994e-08	1e-12	1e-12	1e-12
*7*3	1e-12	1e-12	6.7e-08	6.1e-05	2e-09	8e-09	1e-12	1e-12	1e-12
*7*4	1e-12	1e-12	1e-12	1e-06	1e-12	1.8e-08	1e-12	1e-12	1e-12
*7*5	1e-12	1e-12	1e-12	1.1e-05	1e-12	1e-12	1e-12	1e-12	1e-12
*7*6	1e-12	1e-12	2e-09	1.3e-05	3e-09	2e-09	1e-12	1e-12	1e-12
*7*7	1e-12	1e-12	1e-12	1e-06	1e-12	1e-12	1e-12	1e-12	1e-12
*7*8	1e-12	1e-12	1e-12	1e-09	1e-12	1e-12	1e-12	1e-12	1e-12
*7*9	1e-12	1e-12	1e-12	1e-09	2e-09	1e-12	1e-12	1e-12	1e-12
*8*1	1e-12	1e-12	9.3e-07	8.79e-07	9.929999999999999e-07	9.36e-07	1e-12	1e-12	1e-12
*8*2	1e-12	1e-12	1e-12	3.5e-08	1e-12	3.6999999999999994e-08	1e-12	1e-12	1e-12
*8*3	1e-12	1e-12	6.7e-08	6.099999999999999e-08	2e-09	8e-09	1e-12	1e-12	1e-12
*8*4	1e-12	1e-12	1e-12	1e-09	1e-12	1.8e-08	1e-12	1e-12	1e-12
*8*5	1e-12	1e-12	1e-12	1.1e-08	1e-12	1e-12	1e-12	1e-12	1e-12
*8*6	1e-12	1e-12	2e-09	1.2999999999999999e-08	3e-09	2e-09	1e-12	1e-12	1e-12
*8*7	1e-12	1e-12	1e-12	1e-09	1e-12	1e-12	1e-12	1e-12	1e-12
*8*8	1e-12	1e-12	1e-12	1e-12	1e-12	1e-12	1e-12	1e-12	1e-12
*8*9	1e-12	1e-12	1e-12	1e-12	2e-09	1e-12	1e-12	1e-12	1e-12
*9*1	1e-12	1e-12	9.3e-07	8.79e-07	0.001986	9.36e-07	1e-12	1e-12	1e-12
*9*2	1e-12	1e-12	1e-12	3.5e-08	2e-09	3.6999999999999994e-08	1e-12	1e-12	1e-12
*9*3	1e-12	1e-12	6.7e-08	6.099999999999999e-08	4e-06	8e-09	1e-12	1e-12	1e-12
*9*4	1e-12	1e-12	1e-12	1e-09	2e-09	1.8e-08	1e-12	1e-12	1e-12
*9*5	1e-12	1e-12	1e-12	1.1e-08	2e-09	1e-12	1e-12	1e-12	1e-12
*9*6	1e-12	1e-12	2e-09	1.2999999999999999e-08	6e-06	2e-09	1e-12	1e-12	1e-12
*9*7	1e-12	1e-12	1e-12	1e-09	2e-09	1e-12	1e-12	1e-12	1e-12
*9*8	1e-12	1e-12	1e-12	1e-12	2e-09	1e-12	1e-12	1e-12	1e-12
*9*9	1e-12	1e-12	1e-12	1e-12	4e-06	1e-12	1e-12	1e-12	1e-12
