CYP2C19_allele	AFR	AMR	SAS	EAS	NFE	ALL
*1*1	0.29899024	0.62758084	0.29550096	0.35473936	0.39025009	0.367246878
*1*2	0.0992442	0.09617308	0.14671764	0.1688526	0.09158102	0.109192258
*1*3	0.00153104	0.00031688	0.00853452	0.043181	0.00106199	0.011706428
*1*4	5.47E-07	7.92E-07	5.44E-07	0.00011912	0.0012494	0.000362336
*1*5	5.47E-07	7.92E-07	5.44E-07	0.00190592	6.25E-07	0.000318144
*1*6	5.47E-07	7.92E-07	5.44E-07	0.00035736	0.00018741	0.000106747
*1*7	5.47E-07	7.92E-07	5.44E-07	5.96E-05	6.25E-07	1.04E-05
*1*8	0.00060148	7.92E-07	5.44E-07	5.96E-07	0.00212398	0.000659078
*1*9	0.00781924	7.92E-07	5.44E-07	5.96E-05	0.00043729	0.002059684
*1*10	0.00180444	7.92E-07	5.44E-07	5.96E-05	6.25E-07	0.000232342
*1*11	5.47E-07	7.92E-07	5.44E-07	5.96E-07	6.25E-07	5.90E-07
*1*12	0.00060148	7.92E-07	5.44E-07	5.96E-05	6.25E-07	6.05E-05
*1*13	0.0065616	7.92E-07	5.44E-07	5.96E-05	0.00137434	0.001139407
*1*14	5.47E-07	7.92E-07	5.44E-07	5.96E-05	6.25E-07	1.04E-05
*1*15	0.0076552	7.92E-07	5.44E-07	0.00083384	0.0012494	0.003759502
*1*16	5.47E-07	7.92E-07	5.44E-07	5.96E-07	6.25E-07	5.90E-07
*1*17	0.11329696	0.06820842	0.09284688	0.0122098	0.13518508	0.088219211
*1*18	5.47E-07	7.92E-07	5.44E-07	0.01185244	6.25E-07	0.001975897
*1*19	5.47E-07	7.92E-07	5.44E-07	0.00011912	6.25E-07	2.03E-05
*1*22	5.47E-07	7.92E-07	5.44E-07	5.96E-07	6.25E-07	5.90E-07
*1*23	5.47E-07	7.92E-07	5.44E-07	0.00035736	6.25E-07	6.01E-05
*1*24	5.47E-07	7.92E-07	5.44E-07	0.00011912	6.25E-07	2.03E-05
*1*25	5.47E-07	7.92E-07	5.44E-07	0.00011912	6.25E-07	2.03E-05
*1*26	5.47E-07	7.92E-07	5.44E-07	5.96E-07	6.25E-07	5.90E-07
*1*28	5.47E-07	7.92E-07	5.44E-07	5.96E-07	6.25E-07	0.000170589
*1*29	5.47E-07	7.92E-07	5.44E-07	0.00011912	6.25E-07	2.03E-05
*1*30	5.47E-07	7.92E-07	5.44E-07	0.00011912	6.25E-07	2.03E-05
*1*31	5.47E-07	7.92E-07	5.44E-07	0.00011912	6.25E-07	2.03E-05
*1*32	5.47E-07	7.92E-07	5.44E-07	0.00011912	6.25E-07	2.03E-05
*1*33	5.47E-07	7.92E-07	5.44E-07	0.00011912	6.25E-07	2.03E-05
*1*34	5.47E-07	7.92E-07	5.44E-07	5.96E-07	6.25E-07	5.90E-07
*1*35	0.00869412	7.92E-07	5.44E-07	5.96E-07	6.25E-07	0.002200271
*1*38	5.47E-07	7.92E-07	5.44E-07	5.96E-07	6.25E-07	5.90E-07
*2*1	0.0992442	0.09617308	0.14671764	0.1688526	0.09158102	0.109192258
*2*2	0.03294225	0.01473796	0.07284601	0.08037225	0.02149156	0.063919298
*2*3	0.0005082	4.86E-05	0.00423743	0.02055375	0.00024922	0.011530298
*2*4	1.81E-07	1.21E-07	2.70E-07	5.67E-05	0.0002932	8.72E-05
*2*5	1.81E-07	1.21E-07	2.70E-07	0.0009072	1.47E-07	0.000151367
*2*6	1.81E-07	1.21E-07	2.70E-07	0.0001701	4.40E-05	3.95E-05
*2*7	1.81E-07	1.21E-07	2.70E-07	2.83E-05	1.47E-07	4.89E-06
*2*8	0.00019965	1.21E-07	2.70E-07	2.83E-07	0.00049844	0.00015269
*2*9	0.00259545	1.21E-07	2.70E-07	2.83E-05	0.00010262	0.000606508
*2*10	0.00059895	1.21E-07	2.70E-07	2.83E-05	1.47E-07	6.52E-05
*2*11	1.81E-07	1.21E-07	2.70E-07	2.83E-07	1.47E-07	2.14E-07
*2*12	0.00019965	1.21E-07	2.70E-07	2.83E-05	1.47E-07	2.15E-05
*2*13	0.002178	1.21E-07	2.70E-07	2.83E-05	0.00032252	0.000301695
*2*14	1.81E-07	1.21E-07	2.70E-07	2.83E-05	1.47E-07	4.89E-06
*2*15	0.002541	1.21E-07	2.70E-07	0.0003969	0.0002932	0.001077253
*2*16	1.81E-07	1.21E-07	2.70E-07	2.83E-07	1.47E-07	2.14E-07
*2*17	0.0376068	0.01045254	0.04609892	0.00581175	0.03172424	0.025263238
*2*18	1.81E-07	1.21E-07	2.70E-07	0.00564165	1.47E-07	0.000940442
*2*19	1.81E-07	1.21E-07	2.70E-07	5.67E-05	1.47E-07	9.62E-06
*2*22	1.81E-07	1.21E-07	2.70E-07	2.83E-07	1.47E-07	2.14E-07
*2*23	1.81E-07	1.21E-07	2.70E-07	0.0001701	1.47E-07	2.85E-05
*2*24	1.81E-07	1.21E-07	2.70E-07	5.67E-05	1.47E-07	9.62E-06
*2*25	1.81E-07	1.21E-07	2.70E-07	5.67E-05	1.47E-07	9.62E-06
*2*26	1.81E-07	1.21E-07	2.70E-07	2.83E-07	1.47E-07	2.14E-07
*2*28	1.81E-07	1.21E-07	2.70E-07	2.83E-07	1.47E-07	4.85E-05
*2*29	1.81E-07	1.21E-07	2.70E-07	5.67E-05	1.47E-07	9.62E-06
*2*30	1.81E-07	1.21E-07	2.70E-07	5.67E-05	1.47E-07	9.62E-06
*2*31	1.81E-07	1.21E-07	2.70E-07	5.67E-05	1.47E-07	9.62E-06
*2*32	1.81E-07	1.21E-07	2.70E-07	5.67E-05	1.47E-07	9.62E-06
*2*33	1.81E-07	1.21E-07	2.70E-07	5.67E-05	1.47E-07	9.62E-06
*2*34	1.81E-07	1.21E-07	2.70E-07	2.83E-07	1.47E-07	2.14E-07
*2*35	0.00288585	1.21E-07	2.70E-07	2.83E-07	1.47E-07	0.000660113
*2*38	1.81E-07	1.21E-07	2.70E-07	2.83E-07	1.47E-07	2.14E-07
*3*1	0.00153104	0.00031688	0.00853452	0.043181	0.00106199	0.011706428
*3*2	0.0005082	4.86E-05	0.00423743	0.02055375	0.00024922	0.011530298
*3*3	7.84E-06	1.60E-07	0.00024649	0.00525625	2.89E-06	0.0027074
*3*4	2.80E-09	4.00E-10	1.57E-08	1.45E-05	3.40E-06	3.32E-06
*3*5	2.80E-09	4.00E-10	1.57E-08	0.000232	1.70E-09	3.87E-05
*3*6	2.80E-09	4.00E-10	1.57E-08	4.35E-05	5.10E-07	7.39E-06
*3*7	2.80E-09	4.00E-10	1.57E-08	7.25E-06	1.70E-09	1.22E-06
*3*8	3.08E-06	4.00E-10	1.57E-08	7.25E-08	5.78E-06	1.82E-06
*3*9	4.00E-05	4.00E-10	1.57E-08	7.25E-06	1.19E-06	1.10E-05
*3*10	9.24E-06	4.00E-10	1.57E-08	7.25E-06	1.70E-09	2.07E-06
*3*11	2.80E-09	4.00E-10	1.57E-08	7.25E-08	1.70E-09	2.80E-08
*3*12	3.08E-06	4.00E-10	1.57E-08	7.25E-06	1.70E-09	1.48E-06
*3*13	3.36E-05	4.00E-10	1.57E-08	7.25E-06	3.74E-06	5.23E-06
*3*14	2.80E-09	4.00E-10	1.57E-08	7.25E-06	1.70E-09	1.22E-06
*3*15	3.92E-05	4.00E-10	1.57E-08	0.0001015	3.40E-06	3.32E-05
*3*16	2.80E-09	4.00E-10	1.57E-08	7.25E-08	1.70E-09	2.80E-08
*3*17	0.00058016	3.44E-05	0.00268156	0.00148625	0.00036788	0.001623033
*3*18	2.80E-09	4.00E-10	1.57E-08	0.00144275	1.70E-09	0.000240474
*3*19	2.80E-09	4.00E-10	1.57E-08	1.45E-05	1.70E-09	2.43E-06
*3*22	2.80E-09	4.00E-10	1.57E-08	7.25E-08	1.70E-09	2.80E-08
*3*23	2.80E-09	4.00E-10	1.57E-08	4.35E-05	1.70E-09	7.27E-06
*3*24	2.80E-09	4.00E-10	1.57E-08	1.45E-05	1.70E-09	2.43E-06
*3*25	2.80E-09	4.00E-10	1.57E-08	1.45E-05	1.70E-09	2.43E-06
*3*26	2.80E-09	4.00E-10	1.57E-08	7.25E-08	1.70E-09	2.80E-08
*3*28	2.80E-09	4.00E-10	1.57E-08	7.25E-08	1.70E-09	8.60E-07
*3*29	2.80E-09	4.00E-10	1.57E-08	1.45E-05	1.70E-09	2.43E-06
*3*30	2.80E-09	4.00E-10	1.57E-08	1.45E-05	1.70E-09	2.43E-06
*3*31	2.80E-09	4.00E-10	1.57E-08	1.45E-05	1.70E-09	2.43E-06
*3*32	2.80E-09	4.00E-10	1.57E-08	1.45E-05	1.70E-09	2.43E-06
*3*33	2.80E-09	4.00E-10	1.57E-08	1.45E-05	1.70E-09	2.43E-06
*3*34	2.80E-09	4.00E-10	1.57E-08	7.25E-08	1.70E-09	2.80E-08
*3*35	4.45E-05	4.00E-10	1.57E-08	7.25E-08	1.70E-09	1.10E-05
*3*38	2.80E-09	4.00E-10	1.57E-08	7.25E-08	1.70E-09	2.80E-08
*4*1	5.47E-07	7.92E-07	5.44E-07	0.00011912	0.0012494	0.000362336
*4*2	1.81E-07	1.21E-07	2.70E-07	5.67E-05	0.0002932	8.72E-05
*4*3	2.80E-09	4.00E-10	1.57E-08	1.45E-05	3.40E-06	3.32E-06
*4*4	1.00E-12	1.00E-12	1.00E-12	4.00E-08	4.00E-06	1.03E-06
*4*5	1.00E-12	1.00E-12	1.00E-12	6.40E-07	2.00E-09	1.07E-07
*4*6	1.00E-12	1.00E-12	1.00E-12	1.20E-07	6.00E-07	1.70E-07
*4*7	1.00E-12	1.00E-12	1.00E-12	2.00E-08	2.00E-09	3.88E-09
*4*8	1.10E-09	1.00E-12	1.00E-12	2.00E-10	6.80E-06	1.75E-06
*4*9	1.43E-08	1.00E-12	1.00E-12	2.00E-08	1.40E-06	3.90E-07
*4*10	3.30E-09	1.00E-12	1.00E-12	2.00E-08	2.00E-09	5.41E-08
*4*11	1.00E-12	1.00E-12	1.00E-12	2.00E-10	2.00E-09	5.76E-10
*4*12	1.10E-09	1.00E-12	1.00E-12	2.00E-08	2.00E-09	3.97E-09
*4*13	1.20E-08	1.00E-12	1.00E-12	2.00E-08	4.40E-06	1.27E-06
*4*14	1.00E-12	1.00E-12	1.00E-12	2.00E-08	2.00E-09	3.88E-09
*4*15	1.40E-08	1.00E-12	1.00E-12	2.80E-07	4.00E-06	1.22E-06
*4*16	1.00E-12	1.00E-12	1.00E-12	2.00E-10	2.00E-09	5.76E-10
*4*17	2.07E-07	8.61E-08	1.71E-07	4.10E-06	0.0004328	0.000115899
*4*18	1.00E-12	1.00E-12	1.00E-12	3.98E-06	2.00E-09	6.64E-07
*4*19	1.00E-12	1.00E-12	1.00E-12	4.00E-08	2.00E-09	7.21E-09
*4*22	1.00E-12	1.00E-12	1.00E-12	2.00E-10	2.00E-09	5.76E-10
*4*23	1.00E-12	1.00E-12	1.00E-12	1.20E-07	2.00E-09	2.05E-08
*4*24	1.00E-12	1.00E-12	1.00E-12	4.00E-08	2.00E-09	7.21E-09
*4*25	1.00E-12	1.00E-12	1.00E-12	4.00E-08	2.00E-09	7.21E-09
*4*26	1.00E-12	1.00E-12	1.00E-12	2.00E-10	2.00E-09	5.76E-10
*4*28	1.00E-12	1.00E-12	1.00E-12	2.00E-10	2.00E-09	8.84E-10
*4*29	1.00E-12	1.00E-12	1.00E-12	4.00E-08	2.00E-09	7.21E-09
*4*30	1.00E-12	1.00E-12	1.00E-12	4.00E-08	2.00E-09	7.21E-09
*4*31	1.00E-12	1.00E-12	1.00E-12	4.00E-08	2.00E-09	7.21E-09
*4*32	1.00E-12	1.00E-12	1.00E-12	4.00E-08	2.00E-09	7.21E-09
*4*33	1.00E-12	1.00E-12	1.00E-12	4.00E-08	2.00E-09	7.21E-09
*4*34	1.00E-12	1.00E-12	1.00E-12	2.00E-10	2.00E-09	5.76E-10
*4*35	1.59E-08	1.00E-12	1.00E-12	2.00E-10	2.00E-09	4.58E-09
*4*38	1.00E-12	1.00E-12	1.00E-12	2.00E-10	2.00E-09	5.76E-10
*5*1	5.47E-07	7.92E-07	5.44E-07	0.00190592	6.25E-07	0.000318144
*5*2	1.81E-07	1.21E-07	2.70E-07	0.0009072	1.47E-07	0.000151367
*5*3	2.80E-09	4.00E-10	1.57E-08	0.000232	1.70E-09	3.87E-05
*5*4	1.00E-12	1.00E-12	1.00E-12	6.40E-07	2.00E-09	1.07E-07
*5*5	1.00E-12	1.00E-12	1.00E-12	1.02E-05	1.00E-12	1.71E-06
*5*6	1.00E-12	1.00E-12	1.00E-12	1.92E-06	3.00E-10	3.20E-07
*5*7	1.00E-12	1.00E-12	1.00E-12	3.20E-07	1.00E-12	5.33E-08
*5*8	1.10E-09	1.00E-12	1.00E-12	3.20E-09	3.40E-09	1.58E-09
*5*9	1.43E-08	1.00E-12	1.00E-12	3.20E-07	7.00E-10	5.70E-08
*5*10	3.30E-09	1.00E-12	1.00E-12	3.20E-07	1.00E-12	5.37E-08
*5*11	1.00E-12	1.00E-12	1.00E-12	3.20E-09	1.00E-12	5.34E-10
*5*12	1.10E-09	1.00E-12	1.00E-12	3.20E-07	1.00E-12	5.34E-08
*5*13	1.20E-08	1.00E-12	1.00E-12	3.20E-07	2.20E-09	5.52E-08
*5*14	1.00E-12	1.00E-12	1.00E-12	3.20E-07	1.00E-12	5.33E-08
*5*15	1.40E-08	1.00E-12	1.00E-12	4.48E-06	2.00E-09	7.53E-07
*5*16	1.00E-12	1.00E-12	1.00E-12	3.20E-09	1.00E-12	5.34E-10
*5*17	2.07E-07	8.61E-08	1.71E-07	6.56E-05	2.16E-07	1.11E-05
*5*18	1.00E-12	1.00E-12	1.00E-12	6.37E-05	1.00E-12	1.06E-05
*5*19	1.00E-12	1.00E-12	1.00E-12	6.40E-07	1.00E-12	1.07E-07
*5*22	1.00E-12	1.00E-12	1.00E-12	3.20E-09	1.00E-12	5.34E-10
*5*23	1.00E-12	1.00E-12	1.00E-12	1.92E-06	1.00E-12	3.20E-07
*5*24	1.00E-12	1.00E-12	1.00E-12	6.40E-07	1.00E-12	1.07E-07
*5*25	1.00E-12	1.00E-12	1.00E-12	6.40E-07	1.00E-12	1.07E-07
*5*26	1.00E-12	1.00E-12	1.00E-12	3.20E-09	1.00E-12	5.34E-10
*5*28	1.00E-12	1.00E-12	1.00E-12	3.20E-09	1.00E-12	8.42E-10
*5*29	1.00E-12	1.00E-12	1.00E-12	6.40E-07	1.00E-12	1.07E-07
*5*30	1.00E-12	1.00E-12	1.00E-12	6.40E-07	1.00E-12	1.07E-07
*5*31	1.00E-12	1.00E-12	1.00E-12	6.40E-07	1.00E-12	1.07E-07
*5*32	1.00E-12	1.00E-12	1.00E-12	6.40E-07	1.00E-12	1.07E-07
*5*33	1.00E-12	1.00E-12	1.00E-12	6.40E-07	1.00E-12	1.07E-07
*5*34	1.00E-12	1.00E-12	1.00E-12	3.20E-09	1.00E-12	5.34E-10
*5*35	1.59E-08	1.00E-12	1.00E-12	3.20E-09	1.00E-12	4.53E-09
*5*38	1.00E-12	1.00E-12	1.00E-12	3.20E-09	1.00E-12	5.34E-10
*6*1	5.47E-07	7.92E-07	5.44E-07	0.00035736	0.00018741	0.000106747
*6*2	1.81E-07	1.21E-07	2.70E-07	0.0001701	4.40E-05	3.95E-05
*6*3	2.80E-09	4.00E-10	1.57E-08	4.35E-05	5.10E-07	7.39E-06
*6*4	1.00E-12	1.00E-12	1.00E-12	1.20E-07	6.00E-07	1.70E-07
*6*5	1.00E-12	1.00E-12	1.00E-12	1.92E-06	3.00E-10	3.20E-07
*6*6	1.00E-12	1.00E-12	1.00E-12	3.60E-07	9.00E-08	8.25E-08
*6*7	1.00E-12	1.00E-12	1.00E-12	6.00E-08	3.00E-10	1.01E-08
*6*8	1.10E-09	1.00E-12	1.00E-12	6.00E-10	1.02E-06	2.55E-07
*6*9	1.43E-08	1.00E-12	1.00E-12	6.00E-08	2.10E-07	6.60E-08
*6*10	3.30E-09	1.00E-12	1.00E-12	6.00E-08	3.00E-10	1.05E-08
*6*11	1.00E-12	1.00E-12	1.00E-12	6.00E-10	3.00E-10	1.76E-10
*6*12	1.10E-09	1.00E-12	1.00E-12	6.00E-08	3.00E-10	1.02E-08
*6*13	1.20E-08	1.00E-12	1.00E-12	6.00E-08	6.60E-07	1.76E-07
*6*14	1.00E-12	1.00E-12	1.00E-12	6.00E-08	3.00E-10	1.01E-08
*6*15	1.40E-08	1.00E-12	1.00E-12	8.40E-07	6.00E-07	2.96E-07
*6*16	1.00E-12	1.00E-12	1.00E-12	6.00E-10	3.00E-10	1.76E-10
*6*17	2.07E-07	8.61E-08	1.71E-07	1.23E-05	6.49E-05	1.84E-05
*6*18	1.00E-12	1.00E-12	1.00E-12	1.19E-05	3.00E-10	1.99E-06
*6*19	1.00E-12	1.00E-12	1.00E-12	1.20E-07	3.00E-10	2.01E-08
*6*22	1.00E-12	1.00E-12	1.00E-12	6.00E-10	3.00E-10	1.76E-10
*6*23	1.00E-12	1.00E-12	1.00E-12	3.60E-07	3.00E-10	6.01E-08
*6*24	1.00E-12	1.00E-12	1.00E-12	1.20E-07	3.00E-10	2.01E-08
*6*25	1.00E-12	1.00E-12	1.00E-12	1.20E-07	3.00E-10	2.01E-08
*6*26	1.00E-12	1.00E-12	1.00E-12	6.00E-10	3.00E-10	1.76E-10
*6*28	1.00E-12	1.00E-12	1.00E-12	6.00E-10	3.00E-10	4.84E-10
*6*29	1.00E-12	1.00E-12	1.00E-12	1.20E-07	3.00E-10	2.01E-08
*6*30	1.00E-12	1.00E-12	1.00E-12	1.20E-07	3.00E-10	2.01E-08
*6*31	1.00E-12	1.00E-12	1.00E-12	1.20E-07	3.00E-10	2.01E-08
*6*32	1.00E-12	1.00E-12	1.00E-12	1.20E-07	3.00E-10	2.01E-08
*6*33	1.00E-12	1.00E-12	1.00E-12	1.20E-07	3.00E-10	2.01E-08
*6*34	1.00E-12	1.00E-12	1.00E-12	6.00E-10	3.00E-10	1.76E-10
*6*35	1.59E-08	1.00E-12	1.00E-12	6.00E-10	3.00E-10	4.18E-09
*6*38	1.00E-12	1.00E-12	1.00E-12	6.00E-10	3.00E-10	1.76E-10
*7*1	5.47E-07	7.92E-07	5.44E-07	5.96E-05	6.25E-07	1.04E-05
*7*2	1.81E-07	1.21E-07	2.70E-07	2.83E-05	1.47E-07	4.89E-06
*7*3	2.80E-09	4.00E-10	1.57E-08	7.25E-06	1.70E-09	1.22E-06
*7*4	1.00E-12	1.00E-12	1.00E-12	2.00E-08	2.00E-09	3.88E-09
*7*5	1.00E-12	1.00E-12	1.00E-12	3.20E-07	1.00E-12	5.33E-08
*7*6	1.00E-12	1.00E-12	1.00E-12	6.00E-08	3.00E-10	1.01E-08
*7*7	1.00E-12	1.00E-12	1.00E-12	1.00E-08	1.00E-12	1.67E-09
*7*8	1.10E-09	1.00E-12	1.00E-12	1.00E-10	3.40E-09	1.07E-09
*7*9	1.43E-08	1.00E-12	1.00E-12	1.00E-08	7.00E-10	5.35E-09
*7*10	3.30E-09	1.00E-12	1.00E-12	1.00E-08	1.00E-12	2.04E-09
*7*11	1.00E-12	1.00E-12	1.00E-12	1.00E-10	1.00E-12	1.75E-11
*7*12	1.10E-09	1.00E-12	1.00E-12	1.00E-08	1.00E-12	1.76E-09
*7*13	1.20E-08	1.00E-12	1.00E-12	1.00E-08	2.20E-09	3.55E-09
*7*14	1.00E-12	1.00E-12	1.00E-12	1.00E-08	1.00E-12	1.67E-09
*7*15	1.40E-08	1.00E-12	1.00E-12	1.40E-07	2.00E-09	2.97E-08
*7*16	1.00E-12	1.00E-12	1.00E-12	1.00E-10	1.00E-12	1.75E-11
*7*17	2.07E-07	8.61E-08	1.71E-07	2.05E-06	2.16E-07	4.83E-07
*7*18	1.00E-12	1.00E-12	1.00E-12	1.99E-06	1.00E-12	3.32E-07
*7*19	1.00E-12	1.00E-12	1.00E-12	2.00E-08	1.00E-12	3.33E-09
*7*22	1.00E-12	1.00E-12	1.00E-12	1.00E-10	1.00E-12	1.75E-11
*7*23	1.00E-12	1.00E-12	1.00E-12	6.00E-08	1.00E-12	1.00E-08
*7*24	1.00E-12	1.00E-12	1.00E-12	2.00E-08	1.00E-12	3.33E-09
*7*25	1.00E-12	1.00E-12	1.00E-12	2.00E-08	1.00E-12	3.33E-09
*7*26	1.00E-12	1.00E-12	1.00E-12	1.00E-10	1.00E-12	1.75E-11
*7*28	1.00E-12	1.00E-12	1.00E-12	1.00E-10	1.00E-12	3.26E-10
*7*29	1.00E-12	1.00E-12	1.00E-12	2.00E-08	1.00E-12	3.33E-09
*7*30	1.00E-12	1.00E-12	1.00E-12	2.00E-08	1.00E-12	3.33E-09
*7*31	1.00E-12	1.00E-12	1.00E-12	2.00E-08	1.00E-12	3.33E-09
*7*32	1.00E-12	1.00E-12	1.00E-12	2.00E-08	1.00E-12	3.33E-09
*7*33	1.00E-12	1.00E-12	1.00E-12	2.00E-08	1.00E-12	3.33E-09
*7*34	1.00E-12	1.00E-12	1.00E-12	1.00E-10	1.00E-12	1.75E-11
*7*35	1.59E-08	1.00E-12	1.00E-12	1.00E-10	1.00E-12	4.02E-09
*7*38	1.00E-12	1.00E-12	1.00E-12	1.00E-10	1.00E-12	1.75E-11
*8*1	0.00060148	7.92E-07	5.44E-07	5.96E-07	0.00212398	0.000659078
*8*2	0.00019965	1.21E-07	2.70E-07	2.83E-07	0.00049844	0.00015269
*8*3	3.08E-06	4.00E-10	1.57E-08	7.25E-08	5.78E-06	1.82E-06
*8*4	1.10E-09	1.00E-12	1.00E-12	2.00E-10	6.80E-06	1.75E-06
*8*5	1.10E-09	1.00E-12	1.00E-12	3.20E-09	3.40E-09	1.58E-09
*8*6	1.10E-09	1.00E-12	1.00E-12	6.00E-10	1.02E-06	2.55E-07
*8*7	1.10E-09	1.00E-12	1.00E-12	1.00E-10	3.40E-09	1.07E-09
*8*8	1.21E-06	1.00E-12	1.00E-12	1.00E-12	1.16E-05	3.13E-06
*8*9	1.57E-05	1.00E-12	1.00E-12	1.00E-10	2.38E-06	1.99E-06
*8*10	3.63E-06	1.00E-12	1.00E-12	1.00E-10	3.40E-09	4.33E-07
*8*11	1.10E-09	1.00E-12	1.00E-12	1.00E-12	3.40E-09	1.05E-09
*8*12	1.21E-06	1.00E-12	1.00E-12	1.00E-10	3.40E-09	1.02E-07
*8*13	1.32E-05	1.00E-12	1.00E-12	1.00E-10	7.48E-06	3.40E-06
*8*14	1.10E-09	1.00E-12	1.00E-12	1.00E-10	3.40E-09	1.07E-09
*8*15	1.54E-05	1.00E-12	1.00E-12	1.40E-09	6.80E-06	3.42E-06
*8*16	1.10E-09	1.00E-12	1.00E-12	1.00E-12	3.40E-09	1.05E-09
*8*17	0.00022792	8.61E-08	1.71E-07	2.05E-08	0.00073576	0.000221042
*8*18	1.10E-09	1.00E-12	1.00E-12	1.99E-08	3.40E-09	4.37E-09
*8*19	1.10E-09	1.00E-12	1.00E-12	2.00E-10	3.40E-09	1.08E-09
*8*22	1.10E-09	1.00E-12	1.00E-12	1.00E-12	3.40E-09	1.05E-09
*8*23	1.10E-09	1.00E-12	1.00E-12	6.00E-10	3.40E-09	1.15E-09
*8*24	1.10E-09	1.00E-12	1.00E-12	2.00E-10	3.40E-09	1.08E-09
*8*25	1.10E-09	1.00E-12	1.00E-12	2.00E-10	3.40E-09	1.08E-09
*8*26	1.10E-09	1.00E-12	1.00E-12	1.00E-12	3.40E-09	1.05E-09
*8*28	1.10E-09	1.00E-12	1.00E-12	1.00E-12	3.40E-09	1.36E-09
*8*29	1.10E-09	1.00E-12	1.00E-12	2.00E-10	3.40E-09	1.08E-09
*8*30	1.10E-09	1.00E-12	1.00E-12	2.00E-10	3.40E-09	1.08E-09
*8*31	1.10E-09	1.00E-12	1.00E-12	2.00E-10	3.40E-09	1.08E-09
*8*32	1.10E-09	1.00E-12	1.00E-12	2.00E-10	3.40E-09	1.08E-09
*8*33	1.10E-09	1.00E-12	1.00E-12	2.00E-10	3.40E-09	1.08E-09
*8*34	1.10E-09	1.00E-12	1.00E-12	1.00E-12	3.40E-09	1.05E-09
*8*35	1.75E-05	1.00E-12	1.00E-12	1.00E-12	3.40E-09	1.46E-06
*8*38	1.10E-09	1.00E-12	1.00E-12	1.00E-12	3.40E-09	1.05E-09
*9*1	0.00781924	7.92E-07	5.44E-07	5.96E-05	0.00043729	0.002059684
*9*2	0.00259545	1.21E-07	2.70E-07	2.83E-05	0.00010262	0.000606508
*9*3	4.00E-05	4.00E-10	1.57E-08	7.25E-06	1.19E-06	1.10E-05
*9*4	1.43E-08	1.00E-12	1.00E-12	2.00E-08	1.40E-06	3.90E-07
*9*5	1.43E-08	1.00E-12	1.00E-12	3.20E-07	7.00E-10	5.70E-08
*9*6	1.43E-08	1.00E-12	1.00E-12	6.00E-08	2.10E-07	6.60E-08
*9*7	1.43E-08	1.00E-12	1.00E-12	1.00E-08	7.00E-10	5.35E-09
*9*8	1.57E-05	1.00E-12	1.00E-12	1.00E-10	2.38E-06	1.99E-06
*9*9	0.00020449	1.00E-12	1.00E-12	1.00E-08	4.90E-07	7.80E-05
*9*10	4.72E-05	1.00E-12	1.00E-12	1.00E-08	7.00E-10	4.02E-06
*9*11	1.43E-08	1.00E-12	1.00E-12	1.00E-10	7.00E-10	3.70E-09
*9*12	1.57E-05	1.00E-12	1.00E-12	1.00E-08	7.00E-10	1.31E-06
*9*13	0.0001716	1.00E-12	1.00E-12	1.00E-08	1.54E-06	1.50E-05
*9*14	1.43E-08	1.00E-12	1.00E-12	1.00E-08	7.00E-10	5.35E-09
*9*15	0.0002002	1.00E-12	1.00E-12	1.40E-07	1.40E-06	0.000136348
*9*16	1.43E-08	1.00E-12	1.00E-12	1.00E-10	7.00E-10	3.70E-09
*9*17	0.00296296	8.61E-08	1.71E-07	2.05E-06	0.00015148	0.000686199
*9*18	1.43E-08	1.00E-12	1.00E-12	1.99E-06	7.00E-10	3.35E-07
*9*19	1.43E-08	1.00E-12	1.00E-12	2.00E-08	7.00E-10	7.02E-09
*9*22	1.43E-08	1.00E-12	1.00E-12	1.00E-10	7.00E-10	3.70E-09
*9*23	1.43E-08	1.00E-12	1.00E-12	6.00E-08	7.00E-10	1.37E-08
*9*24	1.43E-08	1.00E-12	1.00E-12	2.00E-08	7.00E-10	7.02E-09
*9*25	1.43E-08	1.00E-12	1.00E-12	2.00E-08	7.00E-10	7.02E-09
*9*26	1.43E-08	1.00E-12	1.00E-12	1.00E-10	7.00E-10	3.70E-09
*9*28	1.43E-08	1.00E-12	1.00E-12	1.00E-10	7.00E-10	8.33E-06
*9*29	1.43E-08	1.00E-12	1.00E-12	2.00E-08	7.00E-10	7.02E-09
*9*30	1.43E-08	1.00E-12	1.00E-12	2.00E-08	7.00E-10	7.02E-09
*9*31	1.43E-08	1.00E-12	1.00E-12	2.00E-08	7.00E-10	7.02E-09
*9*32	1.43E-08	1.00E-12	1.00E-12	2.00E-08	7.00E-10	7.02E-09
*9*33	1.43E-08	1.00E-12	1.00E-12	2.00E-08	7.00E-10	7.02E-09
*9*34	1.43E-08	1.00E-12	1.00E-12	1.00E-10	7.00E-10	3.70E-09
*9*35	0.00022737	1.00E-12	1.00E-12	1.00E-10	7.00E-10	9.12E-05
*9*38	1.43E-08	1.00E-12	1.00E-12	1.00E-10	7.00E-10	3.70E-09
*10*1	0.00180444	7.92E-07	5.44E-07	5.96E-05	6.25E-07	0.000232342
*10*2	0.00059895	1.21E-07	2.70E-07	2.83E-05	1.47E-07	6.52E-05
*10*3	9.24E-06	4.00E-10	1.57E-08	7.25E-06	1.70E-09	2.07E-06
*10*4	3.30E-09	1.00E-12	1.00E-12	2.00E-08	2.00E-09	5.41E-08
*10*5	3.30E-09	1.00E-12	1.00E-12	3.20E-07	1.00E-12	5.37E-08
*10*6	3.30E-09	1.00E-12	1.00E-12	6.00E-08	3.00E-10	1.05E-08
*10*7	3.30E-09	1.00E-12	1.00E-12	1.00E-08	1.00E-12	2.04E-09
*10*8	3.63E-06	1.00E-12	1.00E-12	1.00E-10	3.40E-09	4.33E-07
*10*9	4.72E-05	1.00E-12	1.00E-12	1.00E-08	7.00E-10	4.02E-06
*10*10	1.09E-05	1.00E-12	1.00E-12	1.00E-08	1.00E-12	1.03E-06
*10*11	3.30E-09	1.00E-12	1.00E-12	1.00E-10	1.00E-12	3.92E-10
*10*12	3.63E-06	1.00E-12	1.00E-12	1.00E-08	1.00E-12	3.04E-07
*10*13	3.96E-05	1.00E-12	1.00E-12	1.00E-08	2.20E-09	3.70E-06
*10*14	3.30E-09	1.00E-12	1.00E-12	1.00E-08	1.00E-12	2.04E-09
*10*15	4.62E-05	1.00E-12	1.00E-12	1.40E-07	2.00E-09	4.28E-06
*10*16	3.30E-09	1.00E-12	1.00E-12	1.00E-10	1.00E-12	3.92E-10
*10*17	0.00068376	8.61E-08	1.71E-07	2.05E-06	2.16E-07	7.41E-05
*10*18	3.30E-09	1.00E-12	1.00E-12	1.99E-06	1.00E-12	3.32E-07
*10*19	3.30E-09	1.00E-12	1.00E-12	2.00E-08	1.00E-12	3.71E-09
*10*22	3.30E-09	1.00E-12	1.00E-12	1.00E-10	1.00E-12	3.92E-10
*10*23	3.30E-09	1.00E-12	1.00E-12	6.00E-08	1.00E-12	1.04E-08
*10*24	3.30E-09	1.00E-12	1.00E-12	2.00E-08	1.00E-12	3.71E-09
*10*25	3.30E-09	1.00E-12	1.00E-12	2.00E-08	1.00E-12	3.71E-09
*10*26	3.30E-09	1.00E-12	1.00E-12	1.00E-10	1.00E-12	3.92E-10
*10*28	3.30E-09	1.00E-12	1.00E-12	1.00E-10	1.00E-12	7.01E-10
*10*29	3.30E-09	1.00E-12	1.00E-12	2.00E-08	1.00E-12	3.71E-09
*10*30	3.30E-09	1.00E-12	1.00E-12	2.00E-08	1.00E-12	3.71E-09
*10*31	3.30E-09	1.00E-12	1.00E-12	2.00E-08	1.00E-12	3.71E-09
*10*32	3.30E-09	1.00E-12	1.00E-12	2.00E-08	1.00E-12	3.71E-09
*10*33	3.30E-09	1.00E-12	1.00E-12	2.00E-08	1.00E-12	3.71E-09
*10*34	3.30E-09	1.00E-12	1.00E-12	1.00E-10	1.00E-12	3.92E-10
*10*35	5.25E-05	1.00E-12	1.00E-12	1.00E-10	1.00E-12	4.38E-06
*10*38	3.30E-09	1.00E-12	1.00E-12	1.00E-10	1.00E-12	3.92E-10
*11*1	5.47E-07	7.92E-07	5.44E-07	5.96E-07	6.25E-07	5.90E-07
*11*2	1.81E-07	1.21E-07	2.70E-07	2.83E-07	1.47E-07	2.14E-07
*11*3	2.80E-09	4.00E-10	1.57E-08	7.25E-08	1.70E-09	2.80E-08
*11*4	1.00E-12	1.00E-12	1.00E-12	2.00E-10	2.00E-09	5.76E-10
*11*5	1.00E-12	1.00E-12	1.00E-12	3.20E-09	1.00E-12	5.34E-10
*11*6	1.00E-12	1.00E-12	1.00E-12	6.00E-10	3.00E-10	1.76E-10
*11*7	1.00E-12	1.00E-12	1.00E-12	1.00E-10	1.00E-12	1.75E-11
*11*8	1.10E-09	1.00E-12	1.00E-12	1.00E-12	3.40E-09	1.05E-09
*11*9	1.43E-08	1.00E-12	1.00E-12	1.00E-10	7.00E-10	3.70E-09
*11*10	3.30E-09	1.00E-12	1.00E-12	1.00E-10	1.00E-12	3.92E-10
*11*11	1.00E-12	1.00E-12	1.00E-12	1.00E-12	1.00E-12	1.00E-12
*11*12	1.10E-09	1.00E-12	1.00E-12	1.00E-10	1.00E-12	1.09E-10
*11*13	1.20E-08	1.00E-12	1.00E-12	1.00E-10	2.20E-09	1.90E-09
*11*14	1.00E-12	1.00E-12	1.00E-12	1.00E-10	1.00E-12	1.75E-11
*11*15	1.40E-08	1.00E-12	1.00E-12	1.40E-09	2.00E-09	6.64E-09
*11*16	1.00E-12	1.00E-12	1.00E-12	1.00E-12	1.00E-12	1.00E-12
*11*17	2.07E-07	8.61E-08	1.71E-07	2.05E-08	2.16E-07	1.45E-07
*11*18	1.00E-12	1.00E-12	1.00E-12	1.99E-08	1.00E-12	3.32E-09
*11*19	1.00E-12	1.00E-12	1.00E-12	2.00E-10	1.00E-12	3.42E-11
*11*22	1.00E-12	1.00E-12	1.00E-12	1.00E-12	1.00E-12	1.00E-12
*11*23	1.00E-12	1.00E-12	1.00E-12	6.00E-10	1.00E-12	1.01E-10
*11*24	1.00E-12	1.00E-12	1.00E-12	2.00E-10	1.00E-12	3.42E-11
*11*25	1.00E-12	1.00E-12	1.00E-12	2.00E-10	1.00E-12	3.42E-11
*11*26	1.00E-12	1.00E-12	1.00E-12	1.00E-12	1.00E-12	1.00E-12
*11*28	1.00E-12	1.00E-12	1.00E-12	1.00E-12	1.00E-12	3.09E-10
*11*29	1.00E-12	1.00E-12	1.00E-12	2.00E-10	1.00E-12	3.42E-11
*11*30	1.00E-12	1.00E-12	1.00E-12	2.00E-10	1.00E-12	3.42E-11
*11*31	1.00E-12	1.00E-12	1.00E-12	2.00E-10	1.00E-12	3.42E-11
*11*32	1.00E-12	1.00E-12	1.00E-12	2.00E-10	1.00E-12	3.42E-11
*11*33	1.00E-12	1.00E-12	1.00E-12	2.00E-10	1.00E-12	3.42E-11
*11*34	1.00E-12	1.00E-12	1.00E-12	1.00E-12	1.00E-12	1.00E-12
*11*35	1.59E-08	1.00E-12	1.00E-12	1.00E-12	1.00E-12	4.00E-09
*11*38	1.00E-12	1.00E-12	1.00E-12	1.00E-12	1.00E-12	1.00E-12
*12*1	0.00060148	7.92E-07	5.44E-07	5.96E-05	6.25E-07	6.05E-05
*12*2	0.00019965	1.21E-07	2.70E-07	2.83E-05	1.47E-07	2.15E-05
*12*3	3.08E-06	4.00E-10	1.57E-08	7.25E-06	1.70E-09	1.48E-06
*12*4	1.10E-09	1.00E-12	1.00E-12	2.00E-08	2.00E-09	3.97E-09
*12*5	1.10E-09	1.00E-12	1.00E-12	3.20E-07	1.00E-12	5.34E-08
*12*6	1.10E-09	1.00E-12	1.00E-12	6.00E-08	3.00E-10	1.02E-08
*12*7	1.10E-09	1.00E-12	1.00E-12	1.00E-08	1.00E-12	1.76E-09
*12*8	1.21E-06	1.00E-12	1.00E-12	1.00E-10	3.40E-09	1.02E-07
*12*9	1.57E-05	1.00E-12	1.00E-12	1.00E-08	7.00E-10	1.31E-06
*12*10	3.63E-06	1.00E-12	1.00E-12	1.00E-08	1.00E-12	3.04E-07
*12*11	1.10E-09	1.00E-12	1.00E-12	1.00E-10	1.00E-12	1.09E-10
*12*12	1.21E-06	1.00E-12	1.00E-12	1.00E-08	1.00E-12	1.03E-07
*12*13	1.32E-05	1.00E-12	1.00E-12	1.00E-08	2.20E-09	1.10E-06
*12*14	1.10E-09	1.00E-12	1.00E-12	1.00E-08	1.00E-12	1.76E-09
*12*15	1.54E-05	1.00E-12	1.00E-12	1.40E-07	2.00E-09	1.31E-06
*12*16	1.10E-09	1.00E-12	1.00E-12	1.00E-10	1.00E-12	1.09E-10
*12*17	0.00022792	8.61E-08	1.71E-07	2.05E-06	2.16E-07	1.95E-05
*12*18	1.10E-09	1.00E-12	1.00E-12	1.99E-06	1.00E-12	3.32E-07
*12*19	1.10E-09	1.00E-12	1.00E-12	2.00E-08	1.00E-12	3.43E-09
*12*22	1.10E-09	1.00E-12	1.00E-12	1.00E-10	1.00E-12	1.09E-10
*12*23	1.10E-09	1.00E-12	1.00E-12	6.00E-08	1.00E-12	1.01E-08
*12*24	1.10E-09	1.00E-12	1.00E-12	2.00E-08	1.00E-12	3.43E-09
*12*25	1.10E-09	1.00E-12	1.00E-12	2.00E-08	1.00E-12	3.43E-09
*12*26	1.10E-09	1.00E-12	1.00E-12	1.00E-10	1.00E-12	1.09E-10
*12*28	1.10E-09	1.00E-12	1.00E-12	1.00E-10	1.00E-12	4.17E-10
*12*29	1.10E-09	1.00E-12	1.00E-12	2.00E-08	1.00E-12	3.43E-09
*12*30	1.10E-09	1.00E-12	1.00E-12	2.00E-08	1.00E-12	3.43E-09
*12*31	1.10E-09	1.00E-12	1.00E-12	2.00E-08	1.00E-12	3.43E-09
*12*32	1.10E-09	1.00E-12	1.00E-12	2.00E-08	1.00E-12	3.43E-09
*12*33	1.10E-09	1.00E-12	1.00E-12	2.00E-08	1.00E-12	3.43E-09
*12*34	1.10E-09	1.00E-12	1.00E-12	1.00E-10	1.00E-12	1.09E-10
*12*35	1.75E-05	1.00E-12	1.00E-12	1.00E-10	1.00E-12	1.46E-06
*12*38	1.10E-09	1.00E-12	1.00E-12	1.00E-10	1.00E-12	1.09E-10
*13*1	0.0065616	7.92E-07	5.44E-07	5.96E-05	0.00137434	0.001139407
*13*2	0.002178	1.21E-07	2.70E-07	2.83E-05	0.00032252	0.000301695
*13*3	3.36E-05	4.00E-10	1.57E-08	7.25E-06	3.74E-06	5.23E-06
*13*4	1.20E-08	1.00E-12	1.00E-12	2.00E-08	4.40E-06	1.27E-06
*13*5	1.20E-08	1.00E-12	1.00E-12	3.20E-07	2.20E-09	5.52E-08
*13*6	1.20E-08	1.00E-12	1.00E-12	6.00E-08	6.60E-07	1.76E-07
*13*7	1.20E-08	1.00E-12	1.00E-12	1.00E-08	2.20E-09	3.55E-09
*13*8	1.32E-05	1.00E-12	1.00E-12	1.00E-10	7.48E-06	3.40E-06
*13*9	0.0001716	1.00E-12	1.00E-12	1.00E-08	1.54E-06	1.50E-05
*13*10	3.96E-05	1.00E-12	1.00E-12	1.00E-08	2.20E-09	3.70E-06
*13*11	1.20E-08	1.00E-12	1.00E-12	1.00E-10	2.20E-09	1.90E-09
*13*12	1.32E-05	1.00E-12	1.00E-12	1.00E-08	2.20E-09	1.10E-06
*13*13	0.000144	1.00E-12	1.00E-12	1.00E-08	4.84E-06	1.45E-05
*13*14	1.20E-08	1.00E-12	1.00E-12	1.00E-08	2.20E-09	3.55E-09
*13*15	0.000168	1.00E-12	1.00E-12	1.40E-07	4.40E-06	1.65E-05
*13*16	1.20E-08	1.00E-12	1.00E-12	1.00E-10	2.20E-09	1.90E-09
*13*17	0.0024864	8.61E-08	1.71E-07	2.05E-06	0.00047608	0.000382152
*13*18	1.20E-08	1.00E-12	1.00E-12	1.99E-06	2.20E-09	3.34E-07
*13*19	1.20E-08	1.00E-12	1.00E-12	2.00E-08	2.20E-09	5.22E-09
*13*22	1.20E-08	1.00E-12	1.00E-12	1.00E-10	2.20E-09	1.90E-09
*13*23	1.20E-08	1.00E-12	1.00E-12	6.00E-08	2.20E-09	1.19E-08
*13*24	1.20E-08	1.00E-12	1.00E-12	2.00E-08	2.20E-09	5.22E-09
*13*25	1.20E-08	1.00E-12	1.00E-12	2.00E-08	2.20E-09	5.22E-09
*13*26	1.20E-08	1.00E-12	1.00E-12	1.00E-10	2.20E-09	1.90E-09
*13*28	1.20E-08	1.00E-12	1.00E-12	1.00E-10	2.20E-09	2.21E-09
*13*29	1.20E-08	1.00E-12	1.00E-12	2.00E-08	2.20E-09	5.22E-09
*13*30	1.20E-08	1.00E-12	1.00E-12	2.00E-08	2.20E-09	5.22E-09
*13*31	1.20E-08	1.00E-12	1.00E-12	2.00E-08	2.20E-09	5.22E-09
*13*32	1.20E-08	1.00E-12	1.00E-12	2.00E-08	2.20E-09	5.22E-09
*13*33	1.20E-08	1.00E-12	1.00E-12	2.00E-08	2.20E-09	5.22E-09
*13*34	1.20E-08	1.00E-12	1.00E-12	1.00E-10	2.20E-09	1.90E-09
*13*35	0.0001908	1.00E-12	1.00E-12	1.00E-10	2.20E-09	1.59E-05
*13*38	1.20E-08	1.00E-12	1.00E-12	1.00E-10	2.20E-09	1.90E-09
*14*1	5.47E-07	7.92E-07	5.44E-07	5.96E-05	6.25E-07	1.04E-05
*14*2	1.81E-07	1.21E-07	2.70E-07	2.83E-05	1.47E-07	4.89E-06
*14*3	2.80E-09	4.00E-10	1.57E-08	7.25E-06	1.70E-09	1.22E-06
*14*4	1.00E-12	1.00E-12	1.00E-12	2.00E-08	2.00E-09	3.88E-09
*14*5	1.00E-12	1.00E-12	1.00E-12	3.20E-07	1.00E-12	5.33E-08
*14*6	1.00E-12	1.00E-12	1.00E-12	6.00E-08	3.00E-10	1.01E-08
*14*7	1.00E-12	1.00E-12	1.00E-12	1.00E-08	1.00E-12	1.67E-09
*14*8	1.10E-09	1.00E-12	1.00E-12	1.00E-10	3.40E-09	1.07E-09
*14*9	1.43E-08	1.00E-12	1.00E-12	1.00E-08	7.00E-10	5.35E-09
*14*10	3.30E-09	1.00E-12	1.00E-12	1.00E-08	1.00E-12	2.04E-09
*14*11	1.00E-12	1.00E-12	1.00E-12	1.00E-10	1.00E-12	1.75E-11
*14*12	1.10E-09	1.00E-12	1.00E-12	1.00E-08	1.00E-12	1.76E-09
*14*13	1.20E-08	1.00E-12	1.00E-12	1.00E-08	2.20E-09	3.55E-09
*14*14	1.00E-12	1.00E-12	1.00E-12	1.00E-08	1.00E-12	1.67E-09
*14*15	1.40E-08	1.00E-12	1.00E-12	1.40E-07	2.00E-09	2.97E-08
*14*16	1.00E-12	1.00E-12	1.00E-12	1.00E-10	1.00E-12	1.75E-11
*14*17	2.07E-07	8.61E-08	1.71E-07	2.05E-06	2.16E-07	4.83E-07
*14*18	1.00E-12	1.00E-12	1.00E-12	1.99E-06	1.00E-12	3.32E-07
*14*19	1.00E-12	1.00E-12	1.00E-12	2.00E-08	1.00E-12	3.33E-09
*14*22	1.00E-12	1.00E-12	1.00E-12	1.00E-10	1.00E-12	1.75E-11
*14*23	1.00E-12	1.00E-12	1.00E-12	6.00E-08	1.00E-12	1.00E-08
*14*24	1.00E-12	1.00E-12	1.00E-12	2.00E-08	1.00E-12	3.33E-09
*14*25	1.00E-12	1.00E-12	1.00E-12	2.00E-08	1.00E-12	3.33E-09
*14*26	1.00E-12	1.00E-12	1.00E-12	1.00E-10	1.00E-12	1.75E-11
*14*28	1.00E-12	1.00E-12	1.00E-12	1.00E-10	1.00E-12	3.26E-10
*14*29	1.00E-12	1.00E-12	1.00E-12	2.00E-08	1.00E-12	3.33E-09
*14*30	1.00E-12	1.00E-12	1.00E-12	2.00E-08	1.00E-12	3.33E-09
*14*31	1.00E-12	1.00E-12	1.00E-12	2.00E-08	1.00E-12	3.33E-09
*14*32	1.00E-12	1.00E-12	1.00E-12	2.00E-08	1.00E-12	3.33E-09
*14*33	1.00E-12	1.00E-12	1.00E-12	2.00E-08	1.00E-12	3.33E-09
*14*34	1.00E-12	1.00E-12	1.00E-12	1.00E-10	1.00E-12	1.75E-11
*14*35	1.59E-08	1.00E-12	1.00E-12	1.00E-10	1.00E-12	4.02E-09
*14*38	1.00E-12	1.00E-12	1.00E-12	1.00E-10	1.00E-12	1.75E-11
*15*1	0.0076552	7.92E-07	5.44E-07	0.00083384	0.0012494	0.003759502
*15*2	0.002541	1.21E-07	2.70E-07	0.0003969	0.0002932	0.001077253
*15*3	3.92E-05	4.00E-10	1.57E-08	0.0001015	3.40E-06	3.32E-05
*15*4	1.40E-08	1.00E-12	1.00E-12	2.80E-07	4.00E-06	1.22E-06
*15*5	1.40E-08	1.00E-12	1.00E-12	4.48E-06	2.00E-09	7.53E-07
*15*6	1.40E-08	1.00E-12	1.00E-12	8.40E-07	6.00E-07	2.96E-07
*15*7	1.40E-08	1.00E-12	1.00E-12	1.40E-07	2.00E-09	2.97E-08
*15*8	1.54E-05	1.00E-12	1.00E-12	1.40E-09	6.80E-06	3.42E-06
*15*9	0.0002002	1.00E-12	1.00E-12	1.40E-07	1.40E-06	0.000136348
*15*10	4.62E-05	1.00E-12	1.00E-12	1.40E-07	2.00E-09	4.28E-06
*15*11	1.40E-08	1.00E-12	1.00E-12	1.40E-09	2.00E-09	6.64E-09
*15*12	1.54E-05	1.00E-12	1.00E-12	1.40E-07	2.00E-09	1.31E-06
*15*13	0.000168	1.00E-12	1.00E-12	1.40E-07	4.40E-06	1.65E-05
*15*14	1.40E-08	1.00E-12	1.00E-12	1.40E-07	2.00E-09	2.97E-08
*15*15	0.000196	1.00E-12	1.00E-12	1.96E-06	4.00E-06	0.000252194
*15*16	1.40E-08	1.00E-12	1.00E-12	1.40E-09	2.00E-09	6.64E-09
*15*17	0.0029008	8.61E-08	1.71E-07	2.87E-05	0.0004328	0.001174256
*15*18	1.40E-08	1.00E-12	1.00E-12	2.79E-05	2.00E-09	4.65E-06
*15*19	1.40E-08	1.00E-12	1.00E-12	2.80E-07	2.00E-09	5.31E-08
*15*22	1.40E-08	1.00E-12	1.00E-12	1.40E-09	2.00E-09	6.64E-09
*15*23	1.40E-08	1.00E-12	1.00E-12	8.40E-07	2.00E-09	1.46E-07
*15*24	1.40E-08	1.00E-12	1.00E-12	2.80E-07	2.00E-09	5.31E-08
*15*25	1.40E-08	1.00E-12	1.00E-12	2.80E-07	2.00E-09	5.31E-08
*15*26	1.40E-08	1.00E-12	1.00E-12	1.40E-09	2.00E-09	6.64E-09
*15*28	1.40E-08	1.00E-12	1.00E-12	1.40E-09	2.00E-09	1.63E-05
*15*29	1.40E-08	1.00E-12	1.00E-12	2.80E-07	2.00E-09	5.31E-08
*15*30	1.40E-08	1.00E-12	1.00E-12	2.80E-07	2.00E-09	5.31E-08
*15*31	1.40E-08	1.00E-12	1.00E-12	2.80E-07	2.00E-09	5.31E-08
*15*32	1.40E-08	1.00E-12	1.00E-12	2.80E-07	2.00E-09	5.31E-08
*15*33	1.40E-08	1.00E-12	1.00E-12	2.80E-07	2.00E-09	5.31E-08
*15*34	1.40E-08	1.00E-12	1.00E-12	1.40E-09	2.00E-09	6.64E-09
*15*35	0.0002226	1.00E-12	1.00E-12	1.40E-09	2.00E-09	0.000160059
*15*38	1.40E-08	1.00E-12	1.00E-12	1.40E-09	2.00E-09	6.64E-09
*16*1	5.47E-07	7.92E-07	5.44E-07	5.96E-07	6.25E-07	5.90E-07
*16*2	1.81E-07	1.21E-07	2.70E-07	2.83E-07	1.47E-07	2.14E-07
*16*3	2.80E-09	4.00E-10	1.57E-08	7.25E-08	1.70E-09	2.80E-08
*16*4	1.00E-12	1.00E-12	1.00E-12	2.00E-10	2.00E-09	5.76E-10
*16*5	1.00E-12	1.00E-12	1.00E-12	3.20E-09	1.00E-12	5.34E-10
*16*6	1.00E-12	1.00E-12	1.00E-12	6.00E-10	3.00E-10	1.76E-10
*16*7	1.00E-12	1.00E-12	1.00E-12	1.00E-10	1.00E-12	1.75E-11
*16*8	1.10E-09	1.00E-12	1.00E-12	1.00E-12	3.40E-09	1.05E-09
*16*9	1.43E-08	1.00E-12	1.00E-12	1.00E-10	7.00E-10	3.70E-09
*16*10	3.30E-09	1.00E-12	1.00E-12	1.00E-10	1.00E-12	3.92E-10
*16*11	1.00E-12	1.00E-12	1.00E-12	1.00E-12	1.00E-12	1.00E-12
*16*12	1.10E-09	1.00E-12	1.00E-12	1.00E-10	1.00E-12	1.09E-10
*16*13	1.20E-08	1.00E-12	1.00E-12	1.00E-10	2.20E-09	1.90E-09
*16*14	1.00E-12	1.00E-12	1.00E-12	1.00E-10	1.00E-12	1.75E-11
*16*15	1.40E-08	1.00E-12	1.00E-12	1.40E-09	2.00E-09	6.64E-09
*16*16	1.00E-12	1.00E-12	1.00E-12	1.00E-12	1.00E-12	1.00E-12
*16*17	2.07E-07	8.61E-08	1.71E-07	2.05E-08	2.16E-07	1.45E-07
*16*18	1.00E-12	1.00E-12	1.00E-12	1.99E-08	1.00E-12	3.32E-09
*16*19	1.00E-12	1.00E-12	1.00E-12	2.00E-10	1.00E-12	3.42E-11
*16*22	1.00E-12	1.00E-12	1.00E-12	1.00E-12	1.00E-12	1.00E-12
*16*23	1.00E-12	1.00E-12	1.00E-12	6.00E-10	1.00E-12	1.01E-10
*16*24	1.00E-12	1.00E-12	1.00E-12	2.00E-10	1.00E-12	3.42E-11
*16*25	1.00E-12	1.00E-12	1.00E-12	2.00E-10	1.00E-12	3.42E-11
*16*26	1.00E-12	1.00E-12	1.00E-12	1.00E-12	1.00E-12	1.00E-12
*16*28	1.00E-12	1.00E-12	1.00E-12	1.00E-12	1.00E-12	3.09E-10
*16*29	1.00E-12	1.00E-12	1.00E-12	2.00E-10	1.00E-12	3.42E-11
*16*30	1.00E-12	1.00E-12	1.00E-12	2.00E-10	1.00E-12	3.42E-11
*16*31	1.00E-12	1.00E-12	1.00E-12	2.00E-10	1.00E-12	3.42E-11
*16*32	1.00E-12	1.00E-12	1.00E-12	2.00E-10	1.00E-12	3.42E-11
*16*33	1.00E-12	1.00E-12	1.00E-12	2.00E-10	1.00E-12	3.42E-11
*16*34	1.00E-12	1.00E-12	1.00E-12	1.00E-12	1.00E-12	1.00E-12
*16*35	1.59E-08	1.00E-12	1.00E-12	1.00E-12	1.00E-12	4.00E-09
*16*38	1.00E-12	1.00E-12	1.00E-12	1.00E-12	1.00E-12	1.00E-12
*17*1	0.11329696	0.06820842	0.09284688	0.0122098	0.13518508	0.088219211
*17*2	0.0376068	0.01045254	0.04609892	0.00581175	0.03172424	0.025263238
*17*3	0.00058016	3.44E-05	0.00268156	0.00148625	0.00036788	0.001623033
*17*4	2.07E-07	8.61E-08	1.71E-07	4.10E-06	0.0004328	0.000115899
*17*5	2.07E-07	8.61E-08	1.71E-07	6.56E-05	2.16E-07	1.11E-05
*17*6	2.07E-07	8.61E-08	1.71E-07	1.23E-05	6.49E-05	1.84E-05
*17*7	2.07E-07	8.61E-08	1.71E-07	2.05E-06	2.16E-07	4.83E-07
*17*8	0.00022792	8.61E-08	1.71E-07	2.05E-08	0.00073576	0.000221042
*17*9	0.00296296	8.61E-08	1.71E-07	2.05E-06	0.00015148	0.000686199
*17*10	0.00068376	8.61E-08	1.71E-07	2.05E-06	2.16E-07	7.41E-05
*17*11	2.07E-07	8.61E-08	1.71E-07	2.05E-08	2.16E-07	1.45E-07
*17*12	0.00022792	8.61E-08	1.71E-07	2.05E-06	2.16E-07	1.95E-05
*17*13	0.0024864	8.61E-08	1.71E-07	2.05E-06	0.00047608	0.000382152
*17*14	2.07E-07	8.61E-08	1.71E-07	2.05E-06	2.16E-07	4.83E-07
*17*15	0.0029008	8.61E-08	1.71E-07	2.87E-05	0.0004328	0.001174256
*17*16	2.07E-07	8.61E-08	1.71E-07	2.05E-08	2.16E-07	1.45E-07
*17*17	0.04293184	0.00741321	0.02917264	0.00042025	0.04682896	0.02654304
*17*18	2.07E-07	8.61E-08	1.71E-07	0.00040795	2.16E-07	6.81E-05
*17*19	2.07E-07	8.61E-08	1.71E-07	4.10E-06	2.16E-07	8.25E-07
*17*22	2.07E-07	8.61E-08	1.71E-07	2.05E-08	2.16E-07	1.45E-07
*17*23	2.07E-07	8.61E-08	1.71E-07	1.23E-05	2.16E-07	2.19E-06
*17*24	2.07E-07	8.61E-08	1.71E-07	4.10E-06	2.16E-07	8.25E-07
*17*25	2.07E-07	8.61E-08	1.71E-07	4.10E-06	2.16E-07	8.25E-07
*17*26	2.07E-07	8.61E-08	1.71E-07	2.05E-08	2.16E-07	1.45E-07
*17*28	2.07E-07	8.61E-08	1.71E-07	2.05E-08	2.16E-07	5.36E-05
*17*29	2.07E-07	8.61E-08	1.71E-07	4.10E-06	2.16E-07	8.25E-07
*17*30	2.07E-07	8.61E-08	1.71E-07	4.10E-06	2.16E-07	8.25E-07
*17*31	2.07E-07	8.61E-08	1.71E-07	4.10E-06	2.16E-07	8.25E-07
*17*32	2.07E-07	8.61E-08	1.71E-07	4.10E-06	2.16E-07	8.25E-07
*17*33	2.07E-07	8.61E-08	1.71E-07	4.10E-06	2.16E-07	8.25E-07
*17*34	2.07E-07	8.61E-08	1.71E-07	2.05E-08	2.16E-07	1.45E-07
*17*35	0.00329448	8.61E-08	1.71E-07	2.05E-08	2.16E-07	0.000738231
*17*38	2.07E-07	8.61E-08	1.71E-07	2.05E-08	2.16E-07	1.45E-07
*18*1	5.47E-07	7.92E-07	5.44E-07	0.01185244	6.25E-07	0.001975897
*18*2	1.81E-07	1.21E-07	2.70E-07	0.00564165	1.47E-07	0.000940442
*18*3	2.80E-09	4.00E-10	1.57E-08	0.00144275	1.70E-09	0.000240474
*18*4	1.00E-12	1.00E-12	1.00E-12	3.98E-06	2.00E-09	6.64E-07
*18*5	1.00E-12	1.00E-12	1.00E-12	6.37E-05	1.00E-12	1.06E-05
*18*6	1.00E-12	1.00E-12	1.00E-12	1.19E-05	3.00E-10	1.99E-06
*18*7	1.00E-12	1.00E-12	1.00E-12	1.99E-06	1.00E-12	3.32E-07
*18*8	1.10E-09	1.00E-12	1.00E-12	1.99E-08	3.40E-09	4.37E-09
*18*9	1.43E-08	1.00E-12	1.00E-12	1.99E-06	7.00E-10	3.35E-07
*18*10	3.30E-09	1.00E-12	1.00E-12	1.99E-06	1.00E-12	3.32E-07
*18*11	1.00E-12	1.00E-12	1.00E-12	1.99E-08	1.00E-12	3.32E-09
*18*12	1.10E-09	1.00E-12	1.00E-12	1.99E-06	1.00E-12	3.32E-07
*18*13	1.20E-08	1.00E-12	1.00E-12	1.99E-06	2.20E-09	3.34E-07
*18*14	1.00E-12	1.00E-12	1.00E-12	1.99E-06	1.00E-12	3.32E-07
*18*15	1.40E-08	1.00E-12	1.00E-12	2.79E-05	2.00E-09	4.65E-06
*18*16	1.00E-12	1.00E-12	1.00E-12	1.99E-08	1.00E-12	3.32E-09
*18*17	2.07E-07	8.61E-08	1.71E-07	0.00040795	2.16E-07	6.81E-05
*18*18	1.00E-12	1.00E-12	1.00E-12	0.00039601	1.00E-12	6.60E-05
*18*19	1.00E-12	1.00E-12	1.00E-12	3.98E-06	1.00E-12	6.63E-07
*18*22	1.00E-12	1.00E-12	1.00E-12	1.99E-08	1.00E-12	3.32E-09
*18*23	1.00E-12	1.00E-12	1.00E-12	1.19E-05	1.00E-12	1.99E-06
*18*24	1.00E-12	1.00E-12	1.00E-12	3.98E-06	1.00E-12	6.63E-07
*18*25	1.00E-12	1.00E-12	1.00E-12	3.98E-06	1.00E-12	6.63E-07
*18*26	1.00E-12	1.00E-12	1.00E-12	1.99E-08	1.00E-12	3.32E-09
*18*28	1.00E-12	1.00E-12	1.00E-12	1.99E-08	1.00E-12	3.63E-09
*18*29	1.00E-12	1.00E-12	1.00E-12	3.98E-06	1.00E-12	6.63E-07
*18*30	1.00E-12	1.00E-12	1.00E-12	3.98E-06	1.00E-12	6.63E-07
*18*31	1.00E-12	1.00E-12	1.00E-12	3.98E-06	1.00E-12	6.63E-07
*18*32	1.00E-12	1.00E-12	1.00E-12	3.98E-06	1.00E-12	6.63E-07
*18*33	1.00E-12	1.00E-12	1.00E-12	3.98E-06	1.00E-12	6.63E-07
*18*34	1.00E-12	1.00E-12	1.00E-12	1.99E-08	1.00E-12	3.32E-09
*18*35	1.59E-08	1.00E-12	1.00E-12	1.99E-08	1.00E-12	7.32E-09
*18*38	1.00E-12	1.00E-12	1.00E-12	1.99E-08	1.00E-12	3.32E-09
*19*1	5.47E-07	7.92E-07	5.44E-07	0.00011912	6.25E-07	2.03E-05
*19*2	1.81E-07	1.21E-07	2.70E-07	5.67E-05	1.47E-07	9.62E-06
*19*3	2.80E-09	4.00E-10	1.57E-08	1.45E-05	1.70E-09	2.43E-06
*19*4	1.00E-12	1.00E-12	1.00E-12	4.00E-08	2.00E-09	7.21E-09
*19*5	1.00E-12	1.00E-12	1.00E-12	6.40E-07	1.00E-12	1.07E-07
*19*6	1.00E-12	1.00E-12	1.00E-12	1.20E-07	3.00E-10	2.01E-08
*19*7	1.00E-12	1.00E-12	1.00E-12	2.00E-08	1.00E-12	3.33E-09
*19*8	1.10E-09	1.00E-12	1.00E-12	2.00E-10	3.40E-09	1.08E-09
*19*9	1.43E-08	1.00E-12	1.00E-12	2.00E-08	7.00E-10	7.02E-09
*19*10	3.30E-09	1.00E-12	1.00E-12	2.00E-08	1.00E-12	3.71E-09
*19*11	1.00E-12	1.00E-12	1.00E-12	2.00E-10	1.00E-12	3.42E-11
*19*12	1.10E-09	1.00E-12	1.00E-12	2.00E-08	1.00E-12	3.43E-09
*19*13	1.20E-08	1.00E-12	1.00E-12	2.00E-08	2.20E-09	5.22E-09
*19*14	1.00E-12	1.00E-12	1.00E-12	2.00E-08	1.00E-12	3.33E-09
*19*15	1.40E-08	1.00E-12	1.00E-12	2.80E-07	2.00E-09	5.31E-08
*19*16	1.00E-12	1.00E-12	1.00E-12	2.00E-10	1.00E-12	3.42E-11
*19*17	2.07E-07	8.61E-08	1.71E-07	4.10E-06	2.16E-07	8.25E-07
*19*18	1.00E-12	1.00E-12	1.00E-12	3.98E-06	1.00E-12	6.63E-07
*19*19	1.00E-12	1.00E-12	1.00E-12	4.00E-08	1.00E-12	6.67E-09
*19*22	1.00E-12	1.00E-12	1.00E-12	2.00E-10	1.00E-12	3.42E-11
*19*23	1.00E-12	1.00E-12	1.00E-12	1.20E-07	1.00E-12	2.00E-08
*19*24	1.00E-12	1.00E-12	1.00E-12	4.00E-08	1.00E-12	6.67E-09
*19*25	1.00E-12	1.00E-12	1.00E-12	4.00E-08	1.00E-12	6.67E-09
*19*26	1.00E-12	1.00E-12	1.00E-12	2.00E-10	1.00E-12	3.42E-11
*19*28	1.00E-12	1.00E-12	1.00E-12	2.00E-10	1.00E-12	3.42E-10
*19*29	1.00E-12	1.00E-12	1.00E-12	4.00E-08	1.00E-12	6.67E-09
*19*30	1.00E-12	1.00E-12	1.00E-12	4.00E-08	1.00E-12	6.67E-09
*19*31	1.00E-12	1.00E-12	1.00E-12	4.00E-08	1.00E-12	6.67E-09
*19*32	1.00E-12	1.00E-12	1.00E-12	4.00E-08	1.00E-12	6.67E-09
*19*33	1.00E-12	1.00E-12	1.00E-12	4.00E-08	1.00E-12	6.67E-09
*19*34	1.00E-12	1.00E-12	1.00E-12	2.00E-10	1.00E-12	3.42E-11
*19*35	1.59E-08	1.00E-12	1.00E-12	2.00E-10	1.00E-12	4.03E-09
*19*38	1.00E-12	1.00E-12	1.00E-12	2.00E-10	1.00E-12	3.42E-11
*22*1	5.47E-07	7.92E-07	5.44E-07	5.96E-07	6.25E-07	5.90E-07
*22*2	1.81E-07	1.21E-07	2.70E-07	2.83E-07	1.47E-07	2.14E-07
*22*3	2.80E-09	4.00E-10	1.57E-08	7.25E-08	1.70E-09	2.80E-08
*22*4	1.00E-12	1.00E-12	1.00E-12	2.00E-10	2.00E-09	5.76E-10
*22*5	1.00E-12	1.00E-12	1.00E-12	3.20E-09	1.00E-12	5.34E-10
*22*6	1.00E-12	1.00E-12	1.00E-12	6.00E-10	3.00E-10	1.76E-10
*22*7	1.00E-12	1.00E-12	1.00E-12	1.00E-10	1.00E-12	1.75E-11
*22*8	1.10E-09	1.00E-12	1.00E-12	1.00E-12	3.40E-09	1.05E-09
*22*9	1.43E-08	1.00E-12	1.00E-12	1.00E-10	7.00E-10	3.70E-09
*22*10	3.30E-09	1.00E-12	1.00E-12	1.00E-10	1.00E-12	3.92E-10
*22*11	1.00E-12	1.00E-12	1.00E-12	1.00E-12	1.00E-12	1.00E-12
*22*12	1.10E-09	1.00E-12	1.00E-12	1.00E-10	1.00E-12	1.09E-10
*22*13	1.20E-08	1.00E-12	1.00E-12	1.00E-10	2.20E-09	1.90E-09
*22*14	1.00E-12	1.00E-12	1.00E-12	1.00E-10	1.00E-12	1.75E-11
*22*15	1.40E-08	1.00E-12	1.00E-12	1.40E-09	2.00E-09	6.64E-09
*22*16	1.00E-12	1.00E-12	1.00E-12	1.00E-12	1.00E-12	1.00E-12
*22*17	2.07E-07	8.61E-08	1.71E-07	2.05E-08	2.16E-07	1.45E-07
*22*18	1.00E-12	1.00E-12	1.00E-12	1.99E-08	1.00E-12	3.32E-09
*22*19	1.00E-12	1.00E-12	1.00E-12	2.00E-10	1.00E-12	3.42E-11
*22*22	1.00E-12	1.00E-12	1.00E-12	1.00E-12	1.00E-12	1.00E-12
*22*23	1.00E-12	1.00E-12	1.00E-12	6.00E-10	1.00E-12	1.01E-10
*22*24	1.00E-12	1.00E-12	1.00E-12	2.00E-10	1.00E-12	3.42E-11
*22*25	1.00E-12	1.00E-12	1.00E-12	2.00E-10	1.00E-12	3.42E-11
*22*26	1.00E-12	1.00E-12	1.00E-12	1.00E-12	1.00E-12	1.00E-12
*22*28	1.00E-12	1.00E-12	1.00E-12	1.00E-12	1.00E-12	3.09E-10
*22*29	1.00E-12	1.00E-12	1.00E-12	2.00E-10	1.00E-12	3.42E-11
*22*30	1.00E-12	1.00E-12	1.00E-12	2.00E-10	1.00E-12	3.42E-11
*22*31	1.00E-12	1.00E-12	1.00E-12	2.00E-10	1.00E-12	3.42E-11
*22*32	1.00E-12	1.00E-12	1.00E-12	2.00E-10	1.00E-12	3.42E-11
*22*33	1.00E-12	1.00E-12	1.00E-12	2.00E-10	1.00E-12	3.42E-11
*22*34	1.00E-12	1.00E-12	1.00E-12	1.00E-12	1.00E-12	1.00E-12
*22*35	1.59E-08	1.00E-12	1.00E-12	1.00E-12	1.00E-12	4.00E-09
*22*38	1.00E-12	1.00E-12	1.00E-12	1.00E-12	1.00E-12	1.00E-12
*23*1	5.47E-07	7.92E-07	5.44E-07	0.00035736	6.25E-07	6.01E-05
*23*2	1.81E-07	1.21E-07	2.70E-07	0.0001701	1.47E-07	2.85E-05
*23*3	2.80E-09	4.00E-10	1.57E-08	4.35E-05	1.70E-09	7.27E-06
*23*4	1.00E-12	1.00E-12	1.00E-12	1.20E-07	2.00E-09	2.05E-08
*23*5	1.00E-12	1.00E-12	1.00E-12	1.92E-06	1.00E-12	3.20E-07
*23*6	1.00E-12	1.00E-12	1.00E-12	3.60E-07	3.00E-10	6.01E-08
*23*7	1.00E-12	1.00E-12	1.00E-12	6.00E-08	1.00E-12	1.00E-08
*23*8	1.10E-09	1.00E-12	1.00E-12	6.00E-10	3.40E-09	1.15E-09
*23*9	1.43E-08	1.00E-12	1.00E-12	6.00E-08	7.00E-10	1.37E-08
*23*10	3.30E-09	1.00E-12	1.00E-12	6.00E-08	1.00E-12	1.04E-08
*23*11	1.00E-12	1.00E-12	1.00E-12	6.00E-10	1.00E-12	1.01E-10
*23*12	1.10E-09	1.00E-12	1.00E-12	6.00E-08	1.00E-12	1.01E-08
*23*13	1.20E-08	1.00E-12	1.00E-12	6.00E-08	2.20E-09	1.19E-08
*23*14	1.00E-12	1.00E-12	1.00E-12	6.00E-08	1.00E-12	1.00E-08
*23*15	1.40E-08	1.00E-12	1.00E-12	8.40E-07	2.00E-09	1.46E-07
*23*16	1.00E-12	1.00E-12	1.00E-12	6.00E-10	1.00E-12	1.01E-10
*23*17	2.07E-07	8.61E-08	1.71E-07	1.23E-05	2.16E-07	2.19E-06
*23*18	1.00E-12	1.00E-12	1.00E-12	1.19E-05	1.00E-12	1.99E-06
*23*19	1.00E-12	1.00E-12	1.00E-12	1.20E-07	1.00E-12	2.00E-08
*23*22	1.00E-12	1.00E-12	1.00E-12	6.00E-10	1.00E-12	1.01E-10
*23*23	1.00E-12	1.00E-12	1.00E-12	3.60E-07	1.00E-12	6.00E-08
*23*24	1.00E-12	1.00E-12	1.00E-12	1.20E-07	1.00E-12	2.00E-08
*23*25	1.00E-12	1.00E-12	1.00E-12	1.20E-07	1.00E-12	2.00E-08
*23*26	1.00E-12	1.00E-12	1.00E-12	6.00E-10	1.00E-12	1.01E-10
*23*28	1.00E-12	1.00E-12	1.00E-12	6.00E-10	1.00E-12	4.09E-10
*23*29	1.00E-12	1.00E-12	1.00E-12	1.20E-07	1.00E-12	2.00E-08
*23*30	1.00E-12	1.00E-12	1.00E-12	1.20E-07	1.00E-12	2.00E-08
*23*31	1.00E-12	1.00E-12	1.00E-12	1.20E-07	1.00E-12	2.00E-08
*23*32	1.00E-12	1.00E-12	1.00E-12	1.20E-07	1.00E-12	2.00E-08
*23*33	1.00E-12	1.00E-12	1.00E-12	1.20E-07	1.00E-12	2.00E-08
*23*34	1.00E-12	1.00E-12	1.00E-12	6.00E-10	1.00E-12	1.01E-10
*23*35	1.59E-08	1.00E-12	1.00E-12	6.00E-10	1.00E-12	4.10E-09
*23*38	1.00E-12	1.00E-12	1.00E-12	6.00E-10	1.00E-12	1.01E-10
*24*1	5.47E-07	7.92E-07	5.44E-07	0.00011912	6.25E-07	2.03E-05
*24*2	1.81E-07	1.21E-07	2.70E-07	5.67E-05	1.47E-07	9.62E-06
*24*3	2.80E-09	4.00E-10	1.57E-08	1.45E-05	1.70E-09	2.43E-06
*24*4	1.00E-12	1.00E-12	1.00E-12	4.00E-08	2.00E-09	7.21E-09
*24*5	1.00E-12	1.00E-12	1.00E-12	6.40E-07	1.00E-12	1.07E-07
*24*6	1.00E-12	1.00E-12	1.00E-12	1.20E-07	3.00E-10	2.01E-08
*24*7	1.00E-12	1.00E-12	1.00E-12	2.00E-08	1.00E-12	3.33E-09
*24*8	1.10E-09	1.00E-12	1.00E-12	2.00E-10	3.40E-09	1.08E-09
*24*9	1.43E-08	1.00E-12	1.00E-12	2.00E-08	7.00E-10	7.02E-09
*24*10	3.30E-09	1.00E-12	1.00E-12	2.00E-08	1.00E-12	3.71E-09
*24*11	1.00E-12	1.00E-12	1.00E-12	2.00E-10	1.00E-12	3.42E-11
*24*12	1.10E-09	1.00E-12	1.00E-12	2.00E-08	1.00E-12	3.43E-09
*24*13	1.20E-08	1.00E-12	1.00E-12	2.00E-08	2.20E-09	5.22E-09
*24*14	1.00E-12	1.00E-12	1.00E-12	2.00E-08	1.00E-12	3.33E-09
*24*15	1.40E-08	1.00E-12	1.00E-12	2.80E-07	2.00E-09	5.31E-08
*24*16	1.00E-12	1.00E-12	1.00E-12	2.00E-10	1.00E-12	3.42E-11
*24*17	2.07E-07	8.61E-08	1.71E-07	4.10E-06	2.16E-07	8.25E-07
*24*18	1.00E-12	1.00E-12	1.00E-12	3.98E-06	1.00E-12	6.63E-07
*24*19	1.00E-12	1.00E-12	1.00E-12	4.00E-08	1.00E-12	6.67E-09
*24*22	1.00E-12	1.00E-12	1.00E-12	2.00E-10	1.00E-12	3.42E-11
*24*23	1.00E-12	1.00E-12	1.00E-12	1.20E-07	1.00E-12	2.00E-08
*24*24	1.00E-12	1.00E-12	1.00E-12	4.00E-08	1.00E-12	6.67E-09
*24*25	1.00E-12	1.00E-12	1.00E-12	4.00E-08	1.00E-12	6.67E-09
*24*26	1.00E-12	1.00E-12	1.00E-12	2.00E-10	1.00E-12	3.42E-11
*24*28	1.00E-12	1.00E-12	1.00E-12	2.00E-10	1.00E-12	3.42E-10
*24*29	1.00E-12	1.00E-12	1.00E-12	4.00E-08	1.00E-12	6.67E-09
*24*30	1.00E-12	1.00E-12	1.00E-12	4.00E-08	1.00E-12	6.67E-09
*24*31	1.00E-12	1.00E-12	1.00E-12	4.00E-08	1.00E-12	6.67E-09
*24*32	1.00E-12	1.00E-12	1.00E-12	4.00E-08	1.00E-12	6.67E-09
*24*33	1.00E-12	1.00E-12	1.00E-12	4.00E-08	1.00E-12	6.67E-09
*24*34	1.00E-12	1.00E-12	1.00E-12	2.00E-10	1.00E-12	3.42E-11
*24*35	1.59E-08	1.00E-12	1.00E-12	2.00E-10	1.00E-12	4.03E-09
*24*38	1.00E-12	1.00E-12	1.00E-12	2.00E-10	1.00E-12	3.42E-11
*25*1	5.47E-07	7.92E-07	5.44E-07	0.00011912	6.25E-07	2.03E-05
*25*2	1.81E-07	1.21E-07	2.70E-07	5.67E-05	1.47E-07	9.62E-06
*25*3	2.80E-09	4.00E-10	1.57E-08	1.45E-05	1.70E-09	2.43E-06
*25*4	1.00E-12	1.00E-12	1.00E-12	4.00E-08	2.00E-09	7.21E-09
*25*5	1.00E-12	1.00E-12	1.00E-12	6.40E-07	1.00E-12	1.07E-07
*25*6	1.00E-12	1.00E-12	1.00E-12	1.20E-07	3.00E-10	2.01E-08
*25*7	1.00E-12	1.00E-12	1.00E-12	2.00E-08	1.00E-12	3.33E-09
*25*8	1.10E-09	1.00E-12	1.00E-12	2.00E-10	3.40E-09	1.08E-09
*25*9	1.43E-08	1.00E-12	1.00E-12	2.00E-08	7.00E-10	7.02E-09
*25*10	3.30E-09	1.00E-12	1.00E-12	2.00E-08	1.00E-12	3.71E-09
*25*11	1.00E-12	1.00E-12	1.00E-12	2.00E-10	1.00E-12	3.42E-11
*25*12	1.10E-09	1.00E-12	1.00E-12	2.00E-08	1.00E-12	3.43E-09
*25*13	1.20E-08	1.00E-12	1.00E-12	2.00E-08	2.20E-09	5.22E-09
*25*14	1.00E-12	1.00E-12	1.00E-12	2.00E-08	1.00E-12	3.33E-09
*25*15	1.40E-08	1.00E-12	1.00E-12	2.80E-07	2.00E-09	5.31E-08
*25*16	1.00E-12	1.00E-12	1.00E-12	2.00E-10	1.00E-12	3.42E-11
*25*17	2.07E-07	8.61E-08	1.71E-07	4.10E-06	2.16E-07	8.25E-07
*25*18	1.00E-12	1.00E-12	1.00E-12	3.98E-06	1.00E-12	6.63E-07
*25*19	1.00E-12	1.00E-12	1.00E-12	4.00E-08	1.00E-12	6.67E-09
*25*22	1.00E-12	1.00E-12	1.00E-12	2.00E-10	1.00E-12	3.42E-11
*25*23	1.00E-12	1.00E-12	1.00E-12	1.20E-07	1.00E-12	2.00E-08
*25*24	1.00E-12	1.00E-12	1.00E-12	4.00E-08	1.00E-12	6.67E-09
*25*25	1.00E-12	1.00E-12	1.00E-12	4.00E-08	1.00E-12	6.67E-09
*25*26	1.00E-12	1.00E-12	1.00E-12	2.00E-10	1.00E-12	3.42E-11
*25*28	1.00E-12	1.00E-12	1.00E-12	2.00E-10	1.00E-12	3.42E-10
*25*29	1.00E-12	1.00E-12	1.00E-12	4.00E-08	1.00E-12	6.67E-09
*25*30	1.00E-12	1.00E-12	1.00E-12	4.00E-08	1.00E-12	6.67E-09
*25*31	1.00E-12	1.00E-12	1.00E-12	4.00E-08	1.00E-12	6.67E-09
*25*32	1.00E-12	1.00E-12	1.00E-12	4.00E-08	1.00E-12	6.67E-09
*25*33	1.00E-12	1.00E-12	1.00E-12	4.00E-08	1.00E-12	6.67E-09
*25*34	1.00E-12	1.00E-12	1.00E-12	2.00E-10	1.00E-12	3.42E-11
*25*35	1.59E-08	1.00E-12	1.00E-12	2.00E-10	1.00E-12	4.03E-09
*25*38	1.00E-12	1.00E-12	1.00E-12	2.00E-10	1.00E-12	3.42E-11
*26*1	5.47E-07	7.92E-07	5.44E-07	5.96E-07	6.25E-07	5.90E-07
*26*2	1.81E-07	1.21E-07	2.70E-07	2.83E-07	1.47E-07	2.14E-07
*26*3	2.80E-09	4.00E-10	1.57E-08	7.25E-08	1.70E-09	2.80E-08
*26*4	1.00E-12	1.00E-12	1.00E-12	2.00E-10	2.00E-09	5.76E-10
*26*5	1.00E-12	1.00E-12	1.00E-12	3.20E-09	1.00E-12	5.34E-10
*26*6	1.00E-12	1.00E-12	1.00E-12	6.00E-10	3.00E-10	1.76E-10
*26*7	1.00E-12	1.00E-12	1.00E-12	1.00E-10	1.00E-12	1.75E-11
*26*8	1.10E-09	1.00E-12	1.00E-12	1.00E-12	3.40E-09	1.05E-09
*26*9	1.43E-08	1.00E-12	1.00E-12	1.00E-10	7.00E-10	3.70E-09
*26*10	3.30E-09	1.00E-12	1.00E-12	1.00E-10	1.00E-12	3.92E-10
*26*11	1.00E-12	1.00E-12	1.00E-12	1.00E-12	1.00E-12	1.00E-12
*26*12	1.10E-09	1.00E-12	1.00E-12	1.00E-10	1.00E-12	1.09E-10
*26*13	1.20E-08	1.00E-12	1.00E-12	1.00E-10	2.20E-09	1.90E-09
*26*14	1.00E-12	1.00E-12	1.00E-12	1.00E-10	1.00E-12	1.75E-11
*26*15	1.40E-08	1.00E-12	1.00E-12	1.40E-09	2.00E-09	6.64E-09
*26*16	1.00E-12	1.00E-12	1.00E-12	1.00E-12	1.00E-12	1.00E-12
*26*17	2.07E-07	8.61E-08	1.71E-07	2.05E-08	2.16E-07	1.45E-07
*26*18	1.00E-12	1.00E-12	1.00E-12	1.99E-08	1.00E-12	3.32E-09
*26*19	1.00E-12	1.00E-12	1.00E-12	2.00E-10	1.00E-12	3.42E-11
*26*22	1.00E-12	1.00E-12	1.00E-12	1.00E-12	1.00E-12	1.00E-12
*26*23	1.00E-12	1.00E-12	1.00E-12	6.00E-10	1.00E-12	1.01E-10
*26*24	1.00E-12	1.00E-12	1.00E-12	2.00E-10	1.00E-12	3.42E-11
*26*25	1.00E-12	1.00E-12	1.00E-12	2.00E-10	1.00E-12	3.42E-11
*26*26	1.00E-12	1.00E-12	1.00E-12	1.00E-12	1.00E-12	1.00E-12
*26*28	1.00E-12	1.00E-12	1.00E-12	1.00E-12	1.00E-12	3.09E-10
*26*29	1.00E-12	1.00E-12	1.00E-12	2.00E-10	1.00E-12	3.42E-11
*26*30	1.00E-12	1.00E-12	1.00E-12	2.00E-10	1.00E-12	3.42E-11
*26*31	1.00E-12	1.00E-12	1.00E-12	2.00E-10	1.00E-12	3.42E-11
*26*32	1.00E-12	1.00E-12	1.00E-12	2.00E-10	1.00E-12	3.42E-11
*26*33	1.00E-12	1.00E-12	1.00E-12	2.00E-10	1.00E-12	3.42E-11
*26*34	1.00E-12	1.00E-12	1.00E-12	1.00E-12	1.00E-12	1.00E-12
*26*35	1.59E-08	1.00E-12	1.00E-12	1.00E-12	1.00E-12	4.00E-09
*26*38	1.00E-12	1.00E-12	1.00E-12	1.00E-12	1.00E-12	1.00E-12
*28*1	5.47E-07	7.92E-07	5.44E-07	5.96E-07	6.25E-07	0.000170589
*28*2	1.81E-07	1.21E-07	2.70E-07	2.83E-07	1.47E-07	4.85E-05
*28*3	2.80E-09	4.00E-10	1.57E-08	7.25E-08	1.70E-09	8.60E-07
*28*4	1.00E-12	1.00E-12	1.00E-12	2.00E-10	2.00E-09	8.84E-10
*28*5	1.00E-12	1.00E-12	1.00E-12	3.20E-09	1.00E-12	8.42E-10
*28*6	1.00E-12	1.00E-12	1.00E-12	6.00E-10	3.00E-10	4.84E-10
*28*7	1.00E-12	1.00E-12	1.00E-12	1.00E-10	1.00E-12	3.26E-10
*28*8	1.10E-09	1.00E-12	1.00E-12	1.00E-12	3.40E-09	1.36E-09
*28*9	1.43E-08	1.00E-12	1.00E-12	1.00E-10	7.00E-10	8.33E-06
*28*10	3.30E-09	1.00E-12	1.00E-12	1.00E-10	1.00E-12	7.01E-10
*28*11	1.00E-12	1.00E-12	1.00E-12	1.00E-12	1.00E-12	3.09E-10
*28*12	1.10E-09	1.00E-12	1.00E-12	1.00E-10	1.00E-12	4.17E-10
*28*13	1.20E-08	1.00E-12	1.00E-12	1.00E-10	2.20E-09	2.21E-09
*28*14	1.00E-12	1.00E-12	1.00E-12	1.00E-10	1.00E-12	3.26E-10
*28*15	1.40E-08	1.00E-12	1.00E-12	1.40E-09	2.00E-09	1.63E-05
*28*16	1.00E-12	1.00E-12	1.00E-12	1.00E-12	1.00E-12	3.09E-10
*28*17	2.07E-07	8.61E-08	1.71E-07	2.05E-08	2.16E-07	5.36E-05
*28*18	1.00E-12	1.00E-12	1.00E-12	1.99E-08	1.00E-12	3.63E-09
*28*19	1.00E-12	1.00E-12	1.00E-12	2.00E-10	1.00E-12	3.42E-10
*28*22	1.00E-12	1.00E-12	1.00E-12	1.00E-12	1.00E-12	3.09E-10
*28*23	1.00E-12	1.00E-12	1.00E-12	6.00E-10	1.00E-12	4.09E-10
*28*24	1.00E-12	1.00E-12	1.00E-12	2.00E-10	1.00E-12	3.42E-10
*28*25	1.00E-12	1.00E-12	1.00E-12	2.00E-10	1.00E-12	3.42E-10
*28*26	1.00E-12	1.00E-12	1.00E-12	1.00E-12	1.00E-12	3.09E-10
*28*28	1.00E-12	1.00E-12	1.00E-12	1.00E-12	1.00E-12	1.14E-06
*28*29	1.00E-12	1.00E-12	1.00E-12	2.00E-10	1.00E-12	3.42E-10
*28*30	1.00E-12	1.00E-12	1.00E-12	2.00E-10	1.00E-12	3.42E-10
*28*31	1.00E-12	1.00E-12	1.00E-12	2.00E-10	1.00E-12	3.42E-10
*28*32	1.00E-12	1.00E-12	1.00E-12	2.00E-10	1.00E-12	3.42E-10
*28*33	1.00E-12	1.00E-12	1.00E-12	2.00E-10	1.00E-12	3.42E-10
*28*34	1.00E-12	1.00E-12	1.00E-12	1.00E-12	1.00E-12	3.09E-10
*28*35	1.59E-08	1.00E-12	1.00E-12	1.00E-12	1.00E-12	9.90E-06
*28*38	1.00E-12	1.00E-12	1.00E-12	1.00E-12	1.00E-12	3.09E-10
*29*1	5.47E-07	7.92E-07	5.44E-07	0.00011912	6.25E-07	2.03E-05
*29*2	1.81E-07	1.21E-07	2.70E-07	5.67E-05	1.47E-07	9.62E-06
*29*3	2.80E-09	4.00E-10	1.57E-08	1.45E-05	1.70E-09	2.43E-06
*29*4	1.00E-12	1.00E-12	1.00E-12	4.00E-08	2.00E-09	7.21E-09
*29*5	1.00E-12	1.00E-12	1.00E-12	6.40E-07	1.00E-12	1.07E-07
*29*6	1.00E-12	1.00E-12	1.00E-12	1.20E-07	3.00E-10	2.01E-08
*29*7	1.00E-12	1.00E-12	1.00E-12	2.00E-08	1.00E-12	3.33E-09
*29*8	1.10E-09	1.00E-12	1.00E-12	2.00E-10	3.40E-09	1.08E-09
*29*9	1.43E-08	1.00E-12	1.00E-12	2.00E-08	7.00E-10	7.02E-09
*29*10	3.30E-09	1.00E-12	1.00E-12	2.00E-08	1.00E-12	3.71E-09
*29*11	1.00E-12	1.00E-12	1.00E-12	2.00E-10	1.00E-12	3.42E-11
*29*12	1.10E-09	1.00E-12	1.00E-12	2.00E-08	1.00E-12	3.43E-09
*29*13	1.20E-08	1.00E-12	1.00E-12	2.00E-08	2.20E-09	5.22E-09
*29*14	1.00E-12	1.00E-12	1.00E-12	2.00E-08	1.00E-12	3.33E-09
*29*15	1.40E-08	1.00E-12	1.00E-12	2.80E-07	2.00E-09	5.31E-08
*29*16	1.00E-12	1.00E-12	1.00E-12	2.00E-10	1.00E-12	3.42E-11
*29*17	2.07E-07	8.61E-08	1.71E-07	4.10E-06	2.16E-07	8.25E-07
*29*18	1.00E-12	1.00E-12	1.00E-12	3.98E-06	1.00E-12	6.63E-07
*29*19	1.00E-12	1.00E-12	1.00E-12	4.00E-08	1.00E-12	6.67E-09
*29*22	1.00E-12	1.00E-12	1.00E-12	2.00E-10	1.00E-12	3.42E-11
*29*23	1.00E-12	1.00E-12	1.00E-12	1.20E-07	1.00E-12	2.00E-08
*29*24	1.00E-12	1.00E-12	1.00E-12	4.00E-08	1.00E-12	6.67E-09
*29*25	1.00E-12	1.00E-12	1.00E-12	4.00E-08	1.00E-12	6.67E-09
*29*26	1.00E-12	1.00E-12	1.00E-12	2.00E-10	1.00E-12	3.42E-11
*29*28	1.00E-12	1.00E-12	1.00E-12	2.00E-10	1.00E-12	3.42E-10
*29*29	1.00E-12	1.00E-12	1.00E-12	4.00E-08	1.00E-12	6.67E-09
*29*30	1.00E-12	1.00E-12	1.00E-12	4.00E-08	1.00E-12	6.67E-09
*29*31	1.00E-12	1.00E-12	1.00E-12	4.00E-08	1.00E-12	6.67E-09
*29*32	1.00E-12	1.00E-12	1.00E-12	4.00E-08	1.00E-12	6.67E-09
*29*33	1.00E-12	1.00E-12	1.00E-12	4.00E-08	1.00E-12	6.67E-09
*29*34	1.00E-12	1.00E-12	1.00E-12	2.00E-10	1.00E-12	3.42E-11
*29*35	1.59E-08	1.00E-12	1.00E-12	2.00E-10	1.00E-12	4.03E-09
*29*38	1.00E-12	1.00E-12	1.00E-12	2.00E-10	1.00E-12	3.42E-11
*30*1	5.47E-07	7.92E-07	5.44E-07	0.00011912	6.25E-07	2.03E-05
*30*2	1.81E-07	1.21E-07	2.70E-07	5.67E-05	1.47E-07	9.62E-06
*30*3	2.80E-09	4.00E-10	1.57E-08	1.45E-05	1.70E-09	2.43E-06
*30*4	1.00E-12	1.00E-12	1.00E-12	4.00E-08	2.00E-09	7.21E-09
*30*5	1.00E-12	1.00E-12	1.00E-12	6.40E-07	1.00E-12	1.07E-07
*30*6	1.00E-12	1.00E-12	1.00E-12	1.20E-07	3.00E-10	2.01E-08
*30*7	1.00E-12	1.00E-12	1.00E-12	2.00E-08	1.00E-12	3.33E-09
*30*8	1.10E-09	1.00E-12	1.00E-12	2.00E-10	3.40E-09	1.08E-09
*30*9	1.43E-08	1.00E-12	1.00E-12	2.00E-08	7.00E-10	7.02E-09
*30*10	3.30E-09	1.00E-12	1.00E-12	2.00E-08	1.00E-12	3.71E-09
*30*11	1.00E-12	1.00E-12	1.00E-12	2.00E-10	1.00E-12	3.42E-11
*30*12	1.10E-09	1.00E-12	1.00E-12	2.00E-08	1.00E-12	3.43E-09
*30*13	1.20E-08	1.00E-12	1.00E-12	2.00E-08	2.20E-09	5.22E-09
*30*14	1.00E-12	1.00E-12	1.00E-12	2.00E-08	1.00E-12	3.33E-09
*30*15	1.40E-08	1.00E-12	1.00E-12	2.80E-07	2.00E-09	5.31E-08
*30*16	1.00E-12	1.00E-12	1.00E-12	2.00E-10	1.00E-12	3.42E-11
*30*17	2.07E-07	8.61E-08	1.71E-07	4.10E-06	2.16E-07	8.25E-07
*30*18	1.00E-12	1.00E-12	1.00E-12	3.98E-06	1.00E-12	6.63E-07
*30*19	1.00E-12	1.00E-12	1.00E-12	4.00E-08	1.00E-12	6.67E-09
*30*22	1.00E-12	1.00E-12	1.00E-12	2.00E-10	1.00E-12	3.42E-11
*30*23	1.00E-12	1.00E-12	1.00E-12	1.20E-07	1.00E-12	2.00E-08
*30*24	1.00E-12	1.00E-12	1.00E-12	4.00E-08	1.00E-12	6.67E-09
*30*25	1.00E-12	1.00E-12	1.00E-12	4.00E-08	1.00E-12	6.67E-09
*30*26	1.00E-12	1.00E-12	1.00E-12	2.00E-10	1.00E-12	3.42E-11
*30*28	1.00E-12	1.00E-12	1.00E-12	2.00E-10	1.00E-12	3.42E-10
*30*29	1.00E-12	1.00E-12	1.00E-12	4.00E-08	1.00E-12	6.67E-09
*30*30	1.00E-12	1.00E-12	1.00E-12	4.00E-08	1.00E-12	6.67E-09
*30*31	1.00E-12	1.00E-12	1.00E-12	4.00E-08	1.00E-12	6.67E-09
*30*32	1.00E-12	1.00E-12	1.00E-12	4.00E-08	1.00E-12	6.67E-09
*30*33	1.00E-12	1.00E-12	1.00E-12	4.00E-08	1.00E-12	6.67E-09
*30*34	1.00E-12	1.00E-12	1.00E-12	2.00E-10	1.00E-12	3.42E-11
*30*35	1.59E-08	1.00E-12	1.00E-12	2.00E-10	1.00E-12	4.03E-09
*30*38	1.00E-12	1.00E-12	1.00E-12	2.00E-10	1.00E-12	3.42E-11
*31*1	5.47E-07	7.92E-07	5.44E-07	0.00011912	6.25E-07	2.03E-05
*31*2	1.81E-07	1.21E-07	2.70E-07	5.67E-05	1.47E-07	9.62E-06
*31*3	2.80E-09	4.00E-10	1.57E-08	1.45E-05	1.70E-09	2.43E-06
*31*4	1.00E-12	1.00E-12	1.00E-12	4.00E-08	2.00E-09	7.21E-09
*31*5	1.00E-12	1.00E-12	1.00E-12	6.40E-07	1.00E-12	1.07E-07
*31*6	1.00E-12	1.00E-12	1.00E-12	1.20E-07	3.00E-10	2.01E-08
*31*7	1.00E-12	1.00E-12	1.00E-12	2.00E-08	1.00E-12	3.33E-09
*31*8	1.10E-09	1.00E-12	1.00E-12	2.00E-10	3.40E-09	1.08E-09
*31*9	1.43E-08	1.00E-12	1.00E-12	2.00E-08	7.00E-10	7.02E-09
*31*10	3.30E-09	1.00E-12	1.00E-12	2.00E-08	1.00E-12	3.71E-09
*31*11	1.00E-12	1.00E-12	1.00E-12	2.00E-10	1.00E-12	3.42E-11
*31*12	1.10E-09	1.00E-12	1.00E-12	2.00E-08	1.00E-12	3.43E-09
*31*13	1.20E-08	1.00E-12	1.00E-12	2.00E-08	2.20E-09	5.22E-09
*31*14	1.00E-12	1.00E-12	1.00E-12	2.00E-08	1.00E-12	3.33E-09
*31*15	1.40E-08	1.00E-12	1.00E-12	2.80E-07	2.00E-09	5.31E-08
*31*16	1.00E-12	1.00E-12	1.00E-12	2.00E-10	1.00E-12	3.42E-11
*31*17	2.07E-07	8.61E-08	1.71E-07	4.10E-06	2.16E-07	8.25E-07
*31*18	1.00E-12	1.00E-12	1.00E-12	3.98E-06	1.00E-12	6.63E-07
*31*19	1.00E-12	1.00E-12	1.00E-12	4.00E-08	1.00E-12	6.67E-09
*31*22	1.00E-12	1.00E-12	1.00E-12	2.00E-10	1.00E-12	3.42E-11
*31*23	1.00E-12	1.00E-12	1.00E-12	1.20E-07	1.00E-12	2.00E-08
*31*24	1.00E-12	1.00E-12	1.00E-12	4.00E-08	1.00E-12	6.67E-09
*31*25	1.00E-12	1.00E-12	1.00E-12	4.00E-08	1.00E-12	6.67E-09
*31*26	1.00E-12	1.00E-12	1.00E-12	2.00E-10	1.00E-12	3.42E-11
*31*28	1.00E-12	1.00E-12	1.00E-12	2.00E-10	1.00E-12	3.42E-10
*31*29	1.00E-12	1.00E-12	1.00E-12	4.00E-08	1.00E-12	6.67E-09
*31*30	1.00E-12	1.00E-12	1.00E-12	4.00E-08	1.00E-12	6.67E-09
*31*31	1.00E-12	1.00E-12	1.00E-12	4.00E-08	1.00E-12	6.67E-09
*31*32	1.00E-12	1.00E-12	1.00E-12	4.00E-08	1.00E-12	6.67E-09
*31*33	1.00E-12	1.00E-12	1.00E-12	4.00E-08	1.00E-12	6.67E-09
*31*34	1.00E-12	1.00E-12	1.00E-12	2.00E-10	1.00E-12	3.42E-11
*31*35	1.59E-08	1.00E-12	1.00E-12	2.00E-10	1.00E-12	4.03E-09
*31*38	1.00E-12	1.00E-12	1.00E-12	2.00E-10	1.00E-12	3.42E-11
*32*1	5.47E-07	7.92E-07	5.44E-07	0.00011912	6.25E-07	2.03E-05
*32*2	1.81E-07	1.21E-07	2.70E-07	5.67E-05	1.47E-07	9.62E-06
*32*3	2.80E-09	4.00E-10	1.57E-08	1.45E-05	1.70E-09	2.43E-06
*32*4	1.00E-12	1.00E-12	1.00E-12	4.00E-08	2.00E-09	7.21E-09
*32*5	1.00E-12	1.00E-12	1.00E-12	6.40E-07	1.00E-12	1.07E-07
*32*6	1.00E-12	1.00E-12	1.00E-12	1.20E-07	3.00E-10	2.01E-08
*32*7	1.00E-12	1.00E-12	1.00E-12	2.00E-08	1.00E-12	3.33E-09
*32*8	1.10E-09	1.00E-12	1.00E-12	2.00E-10	3.40E-09	1.08E-09
*32*9	1.43E-08	1.00E-12	1.00E-12	2.00E-08	7.00E-10	7.02E-09
*32*10	3.30E-09	1.00E-12	1.00E-12	2.00E-08	1.00E-12	3.71E-09
*32*11	1.00E-12	1.00E-12	1.00E-12	2.00E-10	1.00E-12	3.42E-11
*32*12	1.10E-09	1.00E-12	1.00E-12	2.00E-08	1.00E-12	3.43E-09
*32*13	1.20E-08	1.00E-12	1.00E-12	2.00E-08	2.20E-09	5.22E-09
*32*14	1.00E-12	1.00E-12	1.00E-12	2.00E-08	1.00E-12	3.33E-09
*32*15	1.40E-08	1.00E-12	1.00E-12	2.80E-07	2.00E-09	5.31E-08
*32*16	1.00E-12	1.00E-12	1.00E-12	2.00E-10	1.00E-12	3.42E-11
*32*17	2.07E-07	8.61E-08	1.71E-07	4.10E-06	2.16E-07	8.25E-07
*32*18	1.00E-12	1.00E-12	1.00E-12	3.98E-06	1.00E-12	6.63E-07
*32*19	1.00E-12	1.00E-12	1.00E-12	4.00E-08	1.00E-12	6.67E-09
*32*22	1.00E-12	1.00E-12	1.00E-12	2.00E-10	1.00E-12	3.42E-11
*32*23	1.00E-12	1.00E-12	1.00E-12	1.20E-07	1.00E-12	2.00E-08
*32*24	1.00E-12	1.00E-12	1.00E-12	4.00E-08	1.00E-12	6.67E-09
*32*25	1.00E-12	1.00E-12	1.00E-12	4.00E-08	1.00E-12	6.67E-09
*32*26	1.00E-12	1.00E-12	1.00E-12	2.00E-10	1.00E-12	3.42E-11
*32*28	1.00E-12	1.00E-12	1.00E-12	2.00E-10	1.00E-12	3.42E-10
*32*29	1.00E-12	1.00E-12	1.00E-12	4.00E-08	1.00E-12	6.67E-09
*32*30	1.00E-12	1.00E-12	1.00E-12	4.00E-08	1.00E-12	6.67E-09
*32*31	1.00E-12	1.00E-12	1.00E-12	4.00E-08	1.00E-12	6.67E-09
*32*32	1.00E-12	1.00E-12	1.00E-12	4.00E-08	1.00E-12	6.67E-09
*32*33	1.00E-12	1.00E-12	1.00E-12	4.00E-08	1.00E-12	6.67E-09
*32*34	1.00E-12	1.00E-12	1.00E-12	2.00E-10	1.00E-12	3.42E-11
*32*35	1.59E-08	1.00E-12	1.00E-12	2.00E-10	1.00E-12	4.03E-09
*32*38	1.00E-12	1.00E-12	1.00E-12	2.00E-10	1.00E-12	3.42E-11
*33*1	5.47E-07	7.92E-07	5.44E-07	0.00011912	6.25E-07	2.03E-05
*33*2	1.81E-07	1.21E-07	2.70E-07	5.67E-05	1.47E-07	9.62E-06
*33*3	2.80E-09	4.00E-10	1.57E-08	1.45E-05	1.70E-09	2.43E-06
*33*4	1.00E-12	1.00E-12	1.00E-12	4.00E-08	2.00E-09	7.21E-09
*33*5	1.00E-12	1.00E-12	1.00E-12	6.40E-07	1.00E-12	1.07E-07
*33*6	1.00E-12	1.00E-12	1.00E-12	1.20E-07	3.00E-10	2.01E-08
*33*7	1.00E-12	1.00E-12	1.00E-12	2.00E-08	1.00E-12	3.33E-09
*33*8	1.10E-09	1.00E-12	1.00E-12	2.00E-10	3.40E-09	1.08E-09
*33*9	1.43E-08	1.00E-12	1.00E-12	2.00E-08	7.00E-10	7.02E-09
*33*10	3.30E-09	1.00E-12	1.00E-12	2.00E-08	1.00E-12	3.71E-09
*33*11	1.00E-12	1.00E-12	1.00E-12	2.00E-10	1.00E-12	3.42E-11
*33*12	1.10E-09	1.00E-12	1.00E-12	2.00E-08	1.00E-12	3.43E-09
*33*13	1.20E-08	1.00E-12	1.00E-12	2.00E-08	2.20E-09	5.22E-09
*33*14	1.00E-12	1.00E-12	1.00E-12	2.00E-08	1.00E-12	3.33E-09
*33*15	1.40E-08	1.00E-12	1.00E-12	2.80E-07	2.00E-09	5.31E-08
*33*16	1.00E-12	1.00E-12	1.00E-12	2.00E-10	1.00E-12	3.42E-11
*33*17	2.07E-07	8.61E-08	1.71E-07	4.10E-06	2.16E-07	8.25E-07
*33*18	1.00E-12	1.00E-12	1.00E-12	3.98E-06	1.00E-12	6.63E-07
*33*19	1.00E-12	1.00E-12	1.00E-12	4.00E-08	1.00E-12	6.67E-09
*33*22	1.00E-12	1.00E-12	1.00E-12	2.00E-10	1.00E-12	3.42E-11
*33*23	1.00E-12	1.00E-12	1.00E-12	1.20E-07	1.00E-12	2.00E-08
*33*24	1.00E-12	1.00E-12	1.00E-12	4.00E-08	1.00E-12	6.67E-09
*33*25	1.00E-12	1.00E-12	1.00E-12	4.00E-08	1.00E-12	6.67E-09
*33*26	1.00E-12	1.00E-12	1.00E-12	2.00E-10	1.00E-12	3.42E-11
*33*28	1.00E-12	1.00E-12	1.00E-12	2.00E-10	1.00E-12	3.42E-10
*33*29	1.00E-12	1.00E-12	1.00E-12	4.00E-08	1.00E-12	6.67E-09
*33*30	1.00E-12	1.00E-12	1.00E-12	4.00E-08	1.00E-12	6.67E-09
*33*31	1.00E-12	1.00E-12	1.00E-12	4.00E-08	1.00E-12	6.67E-09
*33*32	1.00E-12	1.00E-12	1.00E-12	4.00E-08	1.00E-12	6.67E-09
*33*33	1.00E-12	1.00E-12	1.00E-12	4.00E-08	1.00E-12	6.67E-09
*33*34	1.00E-12	1.00E-12	1.00E-12	2.00E-10	1.00E-12	3.42E-11
*33*35	1.59E-08	1.00E-12	1.00E-12	2.00E-10	1.00E-12	4.03E-09
*33*38	1.00E-12	1.00E-12	1.00E-12	2.00E-10	1.00E-12	3.42E-11
*34*1	5.47E-07	7.92E-07	5.44E-07	5.96E-07	6.25E-07	5.90E-07
*34*2	1.81E-07	1.21E-07	2.70E-07	2.83E-07	1.47E-07	2.14E-07
*34*3	2.80E-09	4.00E-10	1.57E-08	7.25E-08	1.70E-09	2.80E-08
*34*4	1.00E-12	1.00E-12	1.00E-12	2.00E-10	2.00E-09	5.76E-10
*34*5	1.00E-12	1.00E-12	1.00E-12	3.20E-09	1.00E-12	5.34E-10
*34*6	1.00E-12	1.00E-12	1.00E-12	6.00E-10	3.00E-10	1.76E-10
*34*7	1.00E-12	1.00E-12	1.00E-12	1.00E-10	1.00E-12	1.75E-11
*34*8	1.10E-09	1.00E-12	1.00E-12	1.00E-12	3.40E-09	1.05E-09
*34*9	1.43E-08	1.00E-12	1.00E-12	1.00E-10	7.00E-10	3.70E-09
*34*10	3.30E-09	1.00E-12	1.00E-12	1.00E-10	1.00E-12	3.92E-10
*34*11	1.00E-12	1.00E-12	1.00E-12	1.00E-12	1.00E-12	1.00E-12
*34*12	1.10E-09	1.00E-12	1.00E-12	1.00E-10	1.00E-12	1.09E-10
*34*13	1.20E-08	1.00E-12	1.00E-12	1.00E-10	2.20E-09	1.90E-09
*34*14	1.00E-12	1.00E-12	1.00E-12	1.00E-10	1.00E-12	1.75E-11
*34*15	1.40E-08	1.00E-12	1.00E-12	1.40E-09	2.00E-09	6.64E-09
*34*16	1.00E-12	1.00E-12	1.00E-12	1.00E-12	1.00E-12	1.00E-12
*34*17	2.07E-07	8.61E-08	1.71E-07	2.05E-08	2.16E-07	1.45E-07
*34*18	1.00E-12	1.00E-12	1.00E-12	1.99E-08	1.00E-12	3.32E-09
*34*19	1.00E-12	1.00E-12	1.00E-12	2.00E-10	1.00E-12	3.42E-11
*34*22	1.00E-12	1.00E-12	1.00E-12	1.00E-12	1.00E-12	1.00E-12
*34*23	1.00E-12	1.00E-12	1.00E-12	6.00E-10	1.00E-12	1.01E-10
*34*24	1.00E-12	1.00E-12	1.00E-12	2.00E-10	1.00E-12	3.42E-11
*34*25	1.00E-12	1.00E-12	1.00E-12	2.00E-10	1.00E-12	3.42E-11
*34*26	1.00E-12	1.00E-12	1.00E-12	1.00E-12	1.00E-12	1.00E-12
*34*28	1.00E-12	1.00E-12	1.00E-12	1.00E-12	1.00E-12	3.09E-10
*34*29	1.00E-12	1.00E-12	1.00E-12	2.00E-10	1.00E-12	3.42E-11
*34*30	1.00E-12	1.00E-12	1.00E-12	2.00E-10	1.00E-12	3.42E-11
*34*31	1.00E-12	1.00E-12	1.00E-12	2.00E-10	1.00E-12	3.42E-11
*34*32	1.00E-12	1.00E-12	1.00E-12	2.00E-10	1.00E-12	3.42E-11
*34*33	1.00E-12	1.00E-12	1.00E-12	2.00E-10	1.00E-12	3.42E-11
*34*34	1.00E-12	1.00E-12	1.00E-12	1.00E-12	1.00E-12	1.00E-12
*34*35	1.59E-08	1.00E-12	1.00E-12	1.00E-12	1.00E-12	4.00E-09
*34*38	1.00E-12	1.00E-12	1.00E-12	1.00E-12	1.00E-12	1.00E-12
*35*1	0.00869412	7.92E-07	5.44E-07	5.96E-07	6.25E-07	0.002200271
*35*2	0.00288585	1.21E-07	2.70E-07	2.83E-07	1.47E-07	0.000660113
*35*3	4.45E-05	4.00E-10	1.57E-08	7.25E-08	1.70E-09	1.10E-05
*35*4	1.59E-08	1.00E-12	1.00E-12	2.00E-10	2.00E-09	4.58E-09
*35*5	1.59E-08	1.00E-12	1.00E-12	3.20E-09	1.00E-12	4.53E-09
*35*6	1.59E-08	1.00E-12	1.00E-12	6.00E-10	3.00E-10	4.18E-09
*35*7	1.59E-08	1.00E-12	1.00E-12	1.00E-10	1.00E-12	4.02E-09
*35*8	1.75E-05	1.00E-12	1.00E-12	1.00E-12	3.40E-09	1.46E-06
*35*9	0.00022737	1.00E-12	1.00E-12	1.00E-10	7.00E-10	9.12E-05
*35*10	5.25E-05	1.00E-12	1.00E-12	1.00E-10	1.00E-12	4.38E-06
*35*11	1.59E-08	1.00E-12	1.00E-12	1.00E-12	1.00E-12	4.00E-09
*35*12	1.75E-05	1.00E-12	1.00E-12	1.00E-10	1.00E-12	1.46E-06
*35*13	0.0001908	1.00E-12	1.00E-12	1.00E-10	2.20E-09	1.59E-05
*35*14	1.59E-08	1.00E-12	1.00E-12	1.00E-10	1.00E-12	4.02E-09
*35*15	0.0002226	1.00E-12	1.00E-12	1.40E-09	2.00E-09	0.000160059
*35*16	1.59E-08	1.00E-12	1.00E-12	1.00E-12	1.00E-12	4.00E-09
*35*17	0.00329448	8.61E-08	1.71E-07	2.05E-08	2.16E-07	0.000738231
*35*18	1.59E-08	1.00E-12	1.00E-12	1.99E-08	1.00E-12	7.32E-09
*35*19	1.59E-08	1.00E-12	1.00E-12	2.00E-10	1.00E-12	4.03E-09
*35*22	1.59E-08	1.00E-12	1.00E-12	1.00E-12	1.00E-12	4.00E-09
*35*23	1.59E-08	1.00E-12	1.00E-12	6.00E-10	1.00E-12	4.10E-09
*35*24	1.59E-08	1.00E-12	1.00E-12	2.00E-10	1.00E-12	4.03E-09
*35*25	1.59E-08	1.00E-12	1.00E-12	2.00E-10	1.00E-12	4.03E-09
*35*26	1.59E-08	1.00E-12	1.00E-12	1.00E-12	1.00E-12	4.00E-09
*35*28	1.59E-08	1.00E-12	1.00E-12	1.00E-12	1.00E-12	9.90E-06
*35*29	1.59E-08	1.00E-12	1.00E-12	2.00E-10	1.00E-12	4.03E-09
*35*30	1.59E-08	1.00E-12	1.00E-12	2.00E-10	1.00E-12	4.03E-09
*35*31	1.59E-08	1.00E-12	1.00E-12	2.00E-10	1.00E-12	4.03E-09
*35*32	1.59E-08	1.00E-12	1.00E-12	2.00E-10	1.00E-12	4.03E-09
*35*33	1.59E-08	1.00E-12	1.00E-12	2.00E-10	1.00E-12	4.03E-09
*35*34	1.59E-08	1.00E-12	1.00E-12	1.00E-12	1.00E-12	4.00E-09
*35*35	0.00025281	1.00E-12	1.00E-12	1.00E-12	1.00E-12	0.000106935
*35*38	1.59E-08	1.00E-12	1.00E-12	1.00E-12	1.00E-12	4.00E-09
*38*1	5.47E-07	7.92E-07	5.44E-07	5.96E-07	6.25E-07	5.90E-07
*38*2	1.81E-07	1.21E-07	2.70E-07	2.83E-07	1.47E-07	2.14E-07
*38*3	2.80E-09	4.00E-10	1.57E-08	7.25E-08	1.70E-09	2.80E-08
*38*4	1.00E-12	1.00E-12	1.00E-12	2.00E-10	2.00E-09	5.76E-10
*38*5	1.00E-12	1.00E-12	1.00E-12	3.20E-09	1.00E-12	5.34E-10
*38*6	1.00E-12	1.00E-12	1.00E-12	6.00E-10	3.00E-10	1.76E-10
*38*7	1.00E-12	1.00E-12	1.00E-12	1.00E-10	1.00E-12	1.75E-11
*38*8	1.10E-09	1.00E-12	1.00E-12	1.00E-12	3.40E-09	1.05E-09
*38*9	1.43E-08	1.00E-12	1.00E-12	1.00E-10	7.00E-10	3.70E-09
*38*10	3.30E-09	1.00E-12	1.00E-12	1.00E-10	1.00E-12	3.92E-10
*38*11	1.00E-12	1.00E-12	1.00E-12	1.00E-12	1.00E-12	1.00E-12
*38*12	1.10E-09	1.00E-12	1.00E-12	1.00E-10	1.00E-12	1.09E-10
*38*13	1.20E-08	1.00E-12	1.00E-12	1.00E-10	2.20E-09	1.90E-09
*38*14	1.00E-12	1.00E-12	1.00E-12	1.00E-10	1.00E-12	1.75E-11
*38*15	1.40E-08	1.00E-12	1.00E-12	1.40E-09	2.00E-09	6.64E-09
*38*16	1.00E-12	1.00E-12	1.00E-12	1.00E-12	1.00E-12	1.00E-12
*38*17	2.07E-07	8.61E-08	1.71E-07	2.05E-08	2.16E-07	1.45E-07
*38*18	1.00E-12	1.00E-12	1.00E-12	1.99E-08	1.00E-12	3.32E-09
*38*19	1.00E-12	1.00E-12	1.00E-12	2.00E-10	1.00E-12	3.42E-11
*38*22	1.00E-12	1.00E-12	1.00E-12	1.00E-12	1.00E-12	1.00E-12
*38*23	1.00E-12	1.00E-12	1.00E-12	6.00E-10	1.00E-12	1.01E-10
*38*24	1.00E-12	1.00E-12	1.00E-12	2.00E-10	1.00E-12	3.42E-11
*38*25	1.00E-12	1.00E-12	1.00E-12	2.00E-10	1.00E-12	3.42E-11
*38*26	1.00E-12	1.00E-12	1.00E-12	1.00E-12	1.00E-12	1.00E-12
*38*28	1.00E-12	1.00E-12	1.00E-12	1.00E-12	1.00E-12	3.09E-10
*38*29	1.00E-12	1.00E-12	1.00E-12	2.00E-10	1.00E-12	3.42E-11
*38*30	1.00E-12	1.00E-12	1.00E-12	2.00E-10	1.00E-12	3.42E-11
*38*31	1.00E-12	1.00E-12	1.00E-12	2.00E-10	1.00E-12	3.42E-11
*38*32	1.00E-12	1.00E-12	1.00E-12	2.00E-10	1.00E-12	3.42E-11
*38*33	1.00E-12	1.00E-12	1.00E-12	2.00E-10	1.00E-12	3.42E-11
*38*34	1.00E-12	1.00E-12	1.00E-12	1.00E-12	1.00E-12	1.00E-12
*38*35	1.59E-08	1.00E-12	1.00E-12	1.00E-12	1.00E-12	4.00E-09
*38*38	1.00E-12	1.00E-12	1.00E-12	1.00E-12	1.00E-12	1.00E-12
