CYP2B6_allele	AFR	AMR	SAS	EAS	NFE	ALL
*1*1	0.17098225	1.00E-12	0.37027225	0.42211009	0.24078649	2.33E-01
*1*2	0.0128185	1.00E-12	0.0249485	0.02975626	0.02414244	1.83E-02
*1*3	0.00095105	1.00E-12	0.0014604	6.50E-07	0.00103047	5.33E-04
*1*4	0.00425905	1.00E-12	0.0602415	0.05470474	0.02006963	2.80E-02
*1*5	0.02567835	1.00E-12	6.09E-07	0.0071467	0.05667585	2.11E-02
*1*6	0.1310795	1.00E-12	0.1125725	0.11337265	0.1143331	1.13E-01
*1*7	4.13E-07	1.00E-12	6.09E-07	6.50E-07	0.01216936	5.03E-03
*1*8	4.13E-07	1.00E-12	6.09E-07	6.50E-07	4.91E-07	4.52E-07
*1*9	0.01922775	1.00E-12	0.0359015	0.02234968	0.00721329	1.75E-02
*1*10	4.13E-07	1.00E-12	6.09E-07	6.50E-07	4.91E-07	4.52E-07
*1*11	0.00103375	1.00E-12	0.0013387	6.50E-07	0.0014721	2.50E-03
*1*12	4.13E-07	1.00E-12	6.09E-07	6.50E-07	4.91E-05	3.33E-05
*1*13	4.13E-07	1.00E-12	6.09E-07	6.50E-07	4.91E-07	4.52E-07
*1*14	4.13E-07	1.00E-12	0.00164295	6.50E-07	0.00250257	8.33E-04
*1*15	4.13E-07	1.00E-12	6.09E-05	6.50E-07	0.00338583	1.30E-03
*1*17	0.0293585	1.00E-12	6.09E-07	6.50E-07	4.91E-07	2.78E-03
*1*18	0.0136455	1.00E-12	6.09E-07	6.50E-07	4.91E-07	3.26E-03
*1*19	4.13E-07	1.00E-12	6.09E-07	6.50E-07	4.91E-07	4.20E-04
*1*20	4.13E-07	1.00E-12	6.09E-07	6.50E-07	4.91E-07	4.20E-04
*1*21	4.13E-07	1.00E-12	6.09E-07	6.50E-07	4.91E-07	3.33E-04
*1*22	0.0045485	1.00E-12	6.09E-07	6.50E-07	0.0068698	2.91E-03
*1*23	4.13E-07	1.00E-12	6.09E-07	6.50E-05	4.91E-05	2.33E-05
*1*24	4.13E-07	1.00E-12	6.09E-07	6.50E-07	4.91E-07	4.52E-07
*1*25	4.13E-07	1.00E-12	6.09E-07	6.50E-07	4.91E-07	4.52E-07
*1*26	4.13E-07	1.00E-12	6.09E-07	6.50E-07	4.91E-07	4.52E-07
*1*27	4.13E-07	1.00E-12	6.09E-07	0.00012994	4.91E-07	1.79E-04
*1*28	4.13E-07	1.00E-12	6.09E-07	6.50E-07	4.91E-07	1.58E-04
*1*31	4.13E-07	1.00E-12	6.09E-07	6.50E-07	4.91E-07	4.52E-07
*1*32	4.13E-07	1.00E-12	6.09E-07	6.50E-07	4.91E-07	4.52E-07
*1*33	4.13E-07	1.00E-12	6.09E-07	6.50E-07	4.91E-07	4.52E-07
*1*34	4.13E-07	1.00E-12	6.09E-07	6.50E-07	4.91E-07	4.52E-07
*1*35	4.13E-07	1.00E-12	6.09E-07	6.50E-07	4.91E-07	4.52E-07
*1*36	4.13E-07	1.00E-12	6.09E-07	6.50E-07	4.91E-07	4.52E-07
*1*37	4.13E-07	1.00E-12	6.09E-07	6.50E-07	4.91E-07	4.52E-07
*1*38	4.13E-07	1.00E-12	6.09E-07	6.50E-07	4.91E-07	4.52E-07
*2*1	0.0128185	1.00E-12	0.0249485	0.02975626	0.02414244	1.83E-02
*2*2	0.000961	1.00E-12	0.001681	0.00209764	0.00242064	1.54E-03
*2*3	7.13E-05	1.00E-12	9.84E-05	4.58E-08	0.00010332	4.66E-05
*2*4	0.0003193	1.00E-12	0.004059	0.00385636	0.00201228	2.24E-03
*2*5	0.0019251	1.00E-12	4.10E-08	0.0005038	0.0056826	1.93E-03
*2*6	0.009827	1.00E-12	0.007585	0.0079921	0.0114636	8.14E-03
*2*7	3.10E-08	1.00E-12	4.10E-08	4.58E-08	0.00122016	4.54E-04
*2*8	3.10E-08	1.00E-12	4.10E-08	4.58E-08	4.92E-08	3.54E-08
*2*9	0.0014415	1.00E-12	0.002419	0.00157552	0.00072324	1.36E-03
*2*10	3.10E-08	1.00E-12	4.10E-08	4.58E-08	4.92E-08	3.54E-08
*2*11	7.75E-05	1.00E-12	9.02E-05	4.58E-08	0.0001476	2.40E-04
*2*12	3.10E-08	1.00E-12	4.10E-08	4.58E-08	4.92E-06	3.08E-06
*2*13	3.10E-08	1.00E-12	4.10E-08	4.58E-08	4.92E-08	3.54E-08
*2*14	3.10E-08	1.00E-12	0.0001107	4.58E-08	0.00025092	7.82E-05
*2*15	3.10E-08	1.00E-12	4.10E-06	4.58E-08	0.00033948	1.29E-04
*2*17	0.002201	1.00E-12	4.10E-08	4.58E-08	4.92E-08	2.16E-04
*2*18	0.001023	1.00E-12	4.10E-08	4.58E-08	4.92E-08	2.88E-04
*2*19	3.10E-08	1.00E-12	4.10E-08	4.58E-08	4.92E-08	4.14E-05
*2*20	3.10E-08	1.00E-12	4.10E-08	4.58E-08	4.92E-08	4.14E-05
*2*21	3.10E-08	1.00E-12	4.10E-08	4.58E-08	4.92E-08	3.28E-05
*2*22	0.000341	1.00E-12	4.10E-08	4.58E-08	0.0006888	2.81E-04
*2*23	3.10E-08	1.00E-12	4.10E-08	4.58E-06	4.92E-06	2.01E-06
*2*24	3.10E-08	1.00E-12	4.10E-08	4.58E-08	4.92E-08	3.54E-08
*2*25	3.10E-08	1.00E-12	4.10E-08	4.58E-08	4.92E-08	3.54E-08
*2*26	3.10E-08	1.00E-12	4.10E-08	4.58E-08	4.92E-08	3.54E-08
*2*27	3.10E-08	1.00E-12	4.10E-08	9.16E-06	4.92E-08	1.71E-05
*2*28	3.10E-08	1.00E-12	4.10E-08	4.58E-08	4.92E-08	1.55E-05
*2*31	3.10E-08	1.00E-12	4.10E-08	4.58E-08	4.92E-08	3.54E-08
*2*32	3.10E-08	1.00E-12	4.10E-08	4.58E-08	4.92E-08	3.54E-08
*2*33	3.10E-08	1.00E-12	4.10E-08	4.58E-08	4.92E-08	3.54E-08
*2*34	3.10E-08	1.00E-12	4.10E-08	4.58E-08	4.92E-08	3.54E-08
*2*35	3.10E-08	1.00E-12	4.10E-08	4.58E-08	4.92E-08	3.54E-08
*2*36	3.10E-08	1.00E-12	4.10E-08	4.58E-08	4.92E-08	3.54E-08
*2*37	3.10E-08	1.00E-12	4.10E-08	4.58E-08	4.92E-08	3.54E-08
*2*38	3.10E-08	1.00E-12	4.10E-08	4.58E-08	4.92E-08	3.54E-08
*3*1	0.00095105	1.00E-12	0.0014604	6.50E-07	0.00103047	5.33E-04
*3*2	7.13E-05	1.00E-12	9.84E-05	4.58E-08	0.00010332	4.66E-05
*3*3	5.29E-06	1.00E-12	5.76E-06	1.00E-12	4.41E-06	2.29E-06
*3*4	2.37E-05	1.00E-12	0.0002376	8.42E-08	8.59E-05	5.92E-05
*3*5	0.00014283	1.00E-12	2.40E-09	1.10E-08	0.00024255	7.83E-05
*3*6	0.0007291	1.00E-12	0.000444	1.74E-07	0.0004893	2.52E-04
*3*7	2.30E-09	1.00E-12	2.40E-09	1.00E-12	5.21E-05	1.42E-05
*3*8	2.30E-09	1.00E-12	2.40E-09	1.00E-12	2.10E-09	1.07E-09
*3*9	0.00010695	1.00E-12	0.0001416	3.44E-08	3.09E-05	3.94E-05
*3*10	2.30E-09	1.00E-12	2.40E-09	1.00E-12	2.10E-09	1.07E-09
*3*11	5.75E-06	1.00E-12	5.28E-06	1.00E-12	6.30E-06	2.76E-06
*3*12	2.30E-09	1.00E-12	2.40E-09	1.00E-12	2.10E-07	1.28E-07
*3*13	2.30E-09	1.00E-12	2.40E-09	1.00E-12	2.10E-09	1.07E-09
*3*14	2.30E-09	1.00E-12	6.48E-06	1.00E-12	1.07E-05	3.47E-06
*3*15	2.30E-09	1.00E-12	2.40E-07	1.00E-12	1.45E-05	3.88E-06
*3*17	0.0001633	1.00E-12	2.40E-09	1.00E-12	2.10E-09	1.36E-05
*3*18	7.59E-05	1.00E-12	2.40E-09	1.00E-12	2.10E-09	8.52E-06
*3*19	2.30E-09	1.00E-12	2.40E-09	1.00E-12	2.10E-09	2.40E-09
*3*20	2.30E-09	1.00E-12	2.40E-09	1.00E-12	2.10E-09	2.40E-09
*3*21	2.30E-09	1.00E-12	2.40E-09	1.00E-12	2.10E-09	2.13E-09
*3*22	2.53E-05	1.00E-12	2.40E-09	1.00E-12	2.94E-05	9.46E-06
*3*23	2.30E-09	1.00E-12	2.40E-09	1.00E-10	2.10E-07	5.31E-08
*3*24	2.30E-09	1.00E-12	2.40E-09	1.00E-12	2.10E-09	1.07E-09
*3*25	2.30E-09	1.00E-12	2.40E-09	1.00E-12	2.10E-09	1.07E-09
*3*26	2.30E-09	1.00E-12	2.40E-09	1.00E-12	2.10E-09	1.07E-09
*3*27	2.30E-09	1.00E-12	2.40E-09	2.00E-10	2.10E-09	1.60E-09
*3*28	2.30E-09	1.00E-12	2.40E-09	1.00E-12	2.10E-09	1.57E-09
*3*31	2.30E-09	1.00E-12	2.40E-09	1.00E-12	2.10E-09	1.07E-09
*3*32	2.30E-09	1.00E-12	2.40E-09	1.00E-12	2.10E-09	1.07E-09
*3*33	2.30E-09	1.00E-12	2.40E-09	1.00E-12	2.10E-09	1.07E-09
*3*34	2.30E-09	1.00E-12	2.40E-09	1.00E-12	2.10E-09	1.07E-09
*3*35	2.30E-09	1.00E-12	2.40E-09	1.00E-12	2.10E-09	1.07E-09
*3*36	2.30E-09	1.00E-12	2.40E-09	1.00E-12	2.10E-09	1.07E-09
*3*37	2.30E-09	1.00E-12	2.40E-09	1.00E-12	2.10E-09	1.07E-09
*3*38	2.30E-09	1.00E-12	2.40E-09	1.00E-12	2.10E-09	1.07E-09
*4*1	0.00425905	1.00E-12	0.0602415	0.05470474	0.02006963	2.80E-02
*4*2	0.0003193	1.00E-12	0.004059	0.00385636	0.00201228	2.24E-03
*4*3	2.37E-05	1.00E-12	0.0002376	8.42E-08	8.59E-05	5.92E-05
*4*4	0.00010609	1.00E-12	0.009801	0.00708964	0.00167281	4.27E-03
*4*5	0.00063963	1.00E-12	9.90E-08	0.0009262	0.00472395	1.93E-03
*4*6	0.0032651	1.00E-12	0.018315	0.0146929	0.0095297	1.05E-02
*4*7	1.03E-08	1.00E-12	9.90E-08	8.42E-08	0.00101432	5.32E-04
*4*8	1.03E-08	1.00E-12	9.90E-08	8.42E-08	4.09E-08	5.09E-08
*4*9	0.00047895	1.00E-12	0.005841	0.00289648	0.00060123	2.69E-03
*4*10	1.03E-08	1.00E-12	9.90E-08	8.42E-08	4.09E-08	5.09E-08
*4*11	2.58E-05	1.00E-12	0.0002178	8.42E-08	0.0001227	6.60E-05
*4*12	1.03E-08	1.00E-12	9.90E-08	8.42E-08	4.09E-06	5.48E-06
*4*13	1.03E-08	1.00E-12	9.90E-08	8.42E-08	4.09E-08	5.09E-08
*4*14	1.03E-08	1.00E-12	0.0002673	8.42E-08	0.00020859	8.95E-05
*4*15	1.03E-08	1.00E-12	9.90E-06	8.42E-08	0.00028221	8.56E-05
*4*17	0.0007313	1.00E-12	9.90E-08	8.42E-08	4.09E-08	6.10E-05
*4*18	0.0003399	1.00E-12	9.90E-08	8.42E-08	4.09E-08	1.58E-04
*4*19	1.03E-08	1.00E-12	9.90E-08	8.42E-08	4.09E-08	5.22E-08
*4*20	1.03E-08	1.00E-12	9.90E-08	8.42E-08	4.09E-08	5.22E-08
*4*21	1.03E-08	1.00E-12	9.90E-08	8.42E-08	4.09E-08	5.19E-08
*4*22	0.0001133	1.00E-12	9.90E-08	8.42E-08	0.0005726	1.53E-04
*4*23	1.03E-08	1.00E-12	9.90E-08	8.42E-06	4.09E-06	2.45E-06
*4*24	1.03E-08	1.00E-12	9.90E-08	8.42E-08	4.09E-08	5.09E-08
*4*25	1.03E-08	1.00E-12	9.90E-08	8.42E-08	4.09E-08	5.09E-08
*4*26	1.03E-08	1.00E-12	9.90E-08	8.42E-08	4.09E-08	5.09E-08
*4*27	1.03E-08	1.00E-12	9.90E-08	1.68E-05	4.09E-08	2.84E-06
*4*28	1.03E-08	1.00E-12	9.90E-08	8.42E-08	4.09E-08	5.14E-08
*4*31	1.03E-08	1.00E-12	9.90E-08	8.42E-08	4.09E-08	5.09E-08
*4*32	1.03E-08	1.00E-12	9.90E-08	8.42E-08	4.09E-08	5.09E-08
*4*33	1.03E-08	1.00E-12	9.90E-08	8.42E-08	4.09E-08	5.09E-08
*4*34	1.03E-08	1.00E-12	9.90E-08	8.42E-08	4.09E-08	5.09E-08
*4*35	1.03E-08	1.00E-12	9.90E-08	8.42E-08	4.09E-08	5.09E-08
*4*36	1.03E-08	1.00E-12	9.90E-08	8.42E-08	4.09E-08	5.09E-08
*4*37	1.03E-08	1.00E-12	9.90E-08	8.42E-08	4.09E-08	5.09E-08
*4*38	1.03E-08	1.00E-12	9.90E-08	8.42E-08	4.09E-08	5.09E-08
*5*1	0.02567835	1.00E-12	6.09E-07	0.0071467	0.05667585	2.11E-02
*5*2	0.0019251	1.00E-12	4.10E-08	0.0005038	0.0056826	1.93E-03
*5*3	0.00014283	1.00E-12	2.40E-09	1.10E-08	0.00024255	7.83E-05
*5*4	0.00063963	1.00E-12	9.90E-08	0.0009262	0.00472395	1.93E-03
*5*5	0.00385641	1.00E-12	1.00E-12	0.000121	0.01334025	3.91E-03
*5*6	0.0196857	1.00E-12	1.85E-07	0.0019195	0.0269115	1.15E-02
*5*7	6.21E-08	1.00E-12	1.00E-12	1.10E-08	0.0028644	8.33E-04
*5*8	6.21E-08	1.00E-12	1.00E-12	1.10E-08	1.16E-07	4.44E-08
*5*9	0.00288765	1.00E-12	5.90E-08	0.0003784	0.00169785	1.18E-03
*5*10	6.21E-08	1.00E-12	1.00E-12	1.10E-08	1.16E-07	4.44E-08
*5*11	0.00015525	1.00E-12	2.20E-09	1.10E-08	0.0003465	2.23E-04
*5*12	6.21E-08	1.00E-12	1.00E-12	1.10E-08	1.16E-05	4.49E-06
*5*13	6.21E-08	1.00E-12	1.00E-12	1.10E-08	1.16E-07	4.44E-08
*5*14	6.21E-08	1.00E-12	2.70E-09	1.10E-08	0.00058905	1.53E-04
*5*15	6.21E-08	1.00E-12	1.00E-10	1.10E-08	0.00079695	2.28E-04
*5*17	0.0044091	1.00E-12	1.00E-12	1.10E-08	1.16E-07	3.88E-04
*5*18	0.0020493	1.00E-12	1.00E-12	1.10E-08	1.16E-07	3.13E-04
*5*19	6.21E-08	1.00E-12	1.00E-12	1.10E-08	1.16E-07	2.67E-05
*5*20	6.21E-08	1.00E-12	1.00E-12	1.10E-08	1.16E-07	2.67E-05
*5*21	6.21E-08	1.00E-12	1.00E-12	1.10E-08	1.16E-07	2.12E-05
*5*22	0.0006831	1.00E-12	1.00E-12	1.10E-08	0.001617	5.13E-04
*5*23	6.21E-08	1.00E-12	1.00E-12	1.10E-06	1.16E-05	3.08E-06
*5*24	6.21E-08	1.00E-12	1.00E-12	1.10E-08	1.16E-07	4.44E-08
*5*25	6.21E-08	1.00E-12	1.00E-12	1.10E-08	1.16E-07	4.44E-08
*5*26	6.21E-08	1.00E-12	1.00E-12	1.10E-08	1.16E-07	4.44E-08
*5*27	6.21E-08	1.00E-12	1.00E-12	2.20E-06	1.16E-07	1.04E-05
*5*28	6.21E-08	1.00E-12	1.00E-12	1.10E-08	1.16E-07	1.00E-05
*5*31	6.21E-08	1.00E-12	1.00E-12	1.10E-08	1.16E-07	4.44E-08
*5*32	6.21E-08	1.00E-12	1.00E-12	1.10E-08	1.16E-07	4.44E-08
*5*33	6.21E-08	1.00E-12	1.00E-12	1.10E-08	1.16E-07	4.44E-08
*5*34	6.21E-08	1.00E-12	1.00E-12	1.10E-08	1.16E-07	4.44E-08
*5*35	6.21E-08	1.00E-12	1.00E-12	1.10E-08	1.16E-07	4.44E-08
*5*36	6.21E-08	1.00E-12	1.00E-12	1.10E-08	1.16E-07	4.44E-08
*5*37	6.21E-08	1.00E-12	1.00E-12	1.10E-08	1.16E-07	4.44E-08
*5*38	6.21E-08	1.00E-12	1.00E-12	1.10E-08	1.16E-07	4.44E-08
*6*1	0.1310795	1.00E-12	0.1125725	0.11337265	0.1143331	1.13E-01
*6*2	0.009827	1.00E-12	0.007585	0.0079921	0.0114636	8.14E-03
*6*3	0.0007291	1.00E-12	0.000444	1.74E-07	0.0004893	2.52E-04
*6*4	0.0032651	1.00E-12	0.018315	0.0146929	0.0095297	1.05E-02
*6*5	0.0196857	1.00E-12	1.85E-07	0.0019195	0.0269115	1.15E-02
*6*6	0.100489	1.00E-12	0.034225	0.03045025	0.054289	8.18E-02
*6*7	3.17E-07	1.00E-12	1.85E-07	1.74E-07	0.0057784	3.06E-03
*6*8	3.17E-07	1.00E-12	1.85E-07	1.74E-07	2.33E-07	2.49E-07
*6*9	0.0147405	1.00E-12	0.010915	0.0060028	0.0034251	7.76E-03
*6*10	3.17E-07	1.00E-12	1.85E-07	1.74E-07	2.33E-07	2.49E-07
*6*11	0.0007925	1.00E-12	0.000407	1.74E-07	0.000699	2.52E-03
*6*12	3.17E-07	1.00E-12	1.85E-07	1.74E-07	2.33E-05	1.48E-05
*6*13	3.17E-07	1.00E-12	1.85E-07	1.74E-07	2.33E-07	2.49E-07
*6*14	3.17E-07	1.00E-12	0.0004995	1.74E-07	0.0011883	3.69E-04
*6*15	3.17E-07	1.00E-12	1.85E-05	1.74E-07	0.0016077	8.85E-04
*6*17	0.022507	1.00E-12	1.85E-07	1.74E-07	2.33E-07	2.27E-03
*6*18	0.010461	1.00E-12	1.85E-07	1.74E-07	2.33E-07	2.93E-03
*6*19	3.17E-07	1.00E-12	1.85E-07	1.74E-07	2.33E-07	5.00E-04
*6*20	3.17E-07	1.00E-12	1.85E-07	1.74E-07	2.33E-07	5.00E-04
*6*21	3.17E-07	1.00E-12	1.85E-07	1.74E-07	2.33E-07	3.97E-04
*6*22	0.003487	1.00E-12	1.85E-07	1.74E-07	0.003262	2.07E-03
*6*23	3.17E-07	1.00E-12	1.85E-07	1.75E-05	2.33E-05	8.89E-06
*6*24	3.17E-07	1.00E-12	1.85E-07	1.74E-07	2.33E-07	2.49E-07
*6*25	3.17E-07	1.00E-12	1.85E-07	1.74E-07	2.33E-07	2.49E-07
*6*26	3.17E-07	1.00E-12	1.85E-07	1.74E-07	2.33E-07	2.49E-07
*6*27	3.17E-07	1.00E-12	1.85E-07	3.49E-05	2.33E-07	1.93E-04
*6*28	3.17E-07	1.00E-12	1.85E-07	1.74E-07	2.33E-07	1.88E-04
*6*31	3.17E-07	1.00E-12	1.85E-07	1.74E-07	2.33E-07	2.49E-07
*6*32	3.17E-07	1.00E-12	1.85E-07	1.74E-07	2.33E-07	2.49E-07
*6*33	3.17E-07	1.00E-12	1.85E-07	1.74E-07	2.33E-07	2.49E-07
*6*34	3.17E-07	1.00E-12	1.85E-07	1.74E-07	2.33E-07	2.49E-07
*6*35	3.17E-07	1.00E-12	1.85E-07	1.74E-07	2.33E-07	2.49E-07
*6*36	3.17E-07	1.00E-12	1.85E-07	1.74E-07	2.33E-07	2.49E-07
*6*37	3.17E-07	1.00E-12	1.85E-07	1.74E-07	2.33E-07	2.49E-07
*6*38	3.17E-07	1.00E-12	1.85E-07	1.74E-07	2.33E-07	2.49E-07
*7*1	4.13E-07	1.00E-12	6.09E-07	6.50E-07	0.01216936	5.03E-03
*7*2	3.10E-08	1.00E-12	4.10E-08	4.58E-08	0.00122016	4.54E-04
*7*3	2.30E-09	1.00E-12	2.40E-09	1.00E-12	5.21E-05	1.42E-05
*7*4	1.03E-08	1.00E-12	9.90E-08	8.42E-08	0.00101432	5.32E-04
*7*5	6.21E-08	1.00E-12	1.00E-12	1.10E-08	0.0028644	8.33E-04
*7*6	3.17E-07	1.00E-12	1.85E-07	1.74E-07	0.0057784	3.06E-03
*7*7	1.00E-12	1.00E-12	1.00E-12	1.00E-12	0.00061504	2.37E-04
*7*8	1.00E-12	1.00E-12	1.00E-12	1.00E-12	2.48E-08	1.10E-08
*7*9	4.65E-08	1.00E-12	5.90E-08	3.44E-08	0.00036456	3.52E-04
*7*10	1.00E-12	1.00E-12	1.00E-12	1.00E-12	2.48E-08	1.10E-08
*7*11	2.50E-09	1.00E-12	2.20E-09	1.00E-12	7.44E-05	1.14E-04
*7*12	1.00E-12	1.00E-12	1.00E-12	1.00E-12	2.48E-06	9.58E-07
*7*13	1.00E-12	1.00E-12	1.00E-12	1.00E-12	2.48E-08	1.10E-08
*7*14	1.00E-12	1.00E-12	2.70E-09	1.00E-12	0.00012648	3.28E-05
*7*15	1.00E-12	1.00E-12	1.00E-10	1.00E-12	0.00017112	6.32E-05
*7*17	7.10E-08	1.00E-12	1.00E-12	1.00E-12	2.48E-08	1.68E-05
*7*18	3.30E-08	1.00E-12	1.00E-12	1.00E-12	2.48E-08	8.67E-05
*7*19	1.00E-12	1.00E-12	1.00E-12	1.00E-12	2.48E-08	2.13E-05
*7*20	1.00E-12	1.00E-12	1.00E-12	1.00E-12	2.48E-08	2.13E-05
*7*21	1.00E-12	1.00E-12	1.00E-12	1.00E-12	2.48E-08	1.69E-05
*7*22	1.10E-08	1.00E-12	1.00E-12	1.00E-12	0.0003472	1.28E-04
*7*23	1.00E-12	1.00E-12	1.00E-12	1.00E-10	2.48E-06	6.25E-07
*7*24	1.00E-12	1.00E-12	1.00E-12	1.00E-12	2.48E-08	1.10E-08
*7*25	1.00E-12	1.00E-12	1.00E-12	1.00E-12	2.48E-08	1.10E-08
*7*26	1.00E-12	1.00E-12	1.00E-12	1.00E-12	2.48E-08	1.10E-08
*7*27	1.00E-12	1.00E-12	1.00E-12	2.00E-10	2.48E-08	8.01E-06
*7*28	1.00E-12	1.00E-12	1.00E-12	1.00E-12	2.48E-08	8.01E-06
*7*31	1.00E-12	1.00E-12	1.00E-12	1.00E-12	2.48E-08	1.10E-08
*7*32	1.00E-12	1.00E-12	1.00E-12	1.00E-12	2.48E-08	1.10E-08
*7*33	1.00E-12	1.00E-12	1.00E-12	1.00E-12	2.48E-08	1.10E-08
*7*34	1.00E-12	1.00E-12	1.00E-12	1.00E-12	2.48E-08	1.10E-08
*7*35	1.00E-12	1.00E-12	1.00E-12	1.00E-12	2.48E-08	1.10E-08
*7*36	1.00E-12	1.00E-12	1.00E-12	1.00E-12	2.48E-08	1.10E-08
*7*37	1.00E-12	1.00E-12	1.00E-12	1.00E-12	2.48E-08	1.10E-08
*7*38	1.00E-12	1.00E-12	1.00E-12	1.00E-12	2.48E-08	1.10E-08
*8*1	4.13E-07	1.00E-12	6.09E-07	6.50E-07	4.91E-07	4.52E-07
*8*2	3.10E-08	1.00E-12	4.10E-08	4.58E-08	4.92E-08	3.54E-08
*8*3	2.30E-09	1.00E-12	2.40E-09	1.00E-12	2.10E-09	1.07E-09
*8*4	1.03E-08	1.00E-12	9.90E-08	8.42E-08	4.09E-08	5.09E-08
*8*5	6.21E-08	1.00E-12	1.00E-12	1.10E-08	1.16E-07	4.44E-08
*8*6	3.17E-07	1.00E-12	1.85E-07	1.74E-07	2.33E-07	2.49E-07
*8*7	1.00E-12	1.00E-12	1.00E-12	1.00E-12	2.48E-08	1.10E-08
*8*8	1.00E-12	1.00E-12	1.00E-12	1.00E-12	1.00E-12	1.00E-12
*8*9	4.65E-08	1.00E-12	5.90E-08	3.44E-08	1.47E-08	3.36E-08
*8*10	1.00E-12	1.00E-12	1.00E-12	1.00E-12	1.00E-12	1.00E-12
*8*11	2.50E-09	1.00E-12	2.20E-09	1.00E-12	3.00E-09	7.19E-09
*8*12	1.00E-12	1.00E-12	1.00E-12	1.00E-12	1.00E-10	6.73E-11
*8*13	1.00E-12	1.00E-12	1.00E-12	1.00E-12	1.00E-12	1.00E-12
*8*14	1.00E-12	1.00E-12	2.70E-09	1.00E-12	5.10E-09	1.64E-09
*8*15	1.00E-12	1.00E-12	1.00E-10	1.00E-12	6.90E-09	3.08E-09
*8*17	7.10E-08	1.00E-12	1.00E-12	1.00E-12	1.00E-12	6.97E-09
*8*18	3.30E-08	1.00E-12	1.00E-12	1.00E-12	1.00E-12	8.78E-09
*8*19	1.00E-12	1.00E-12	1.00E-12	1.00E-12	1.00E-12	1.33E-09
*8*20	1.00E-12	1.00E-12	1.00E-12	1.00E-12	1.00E-12	1.33E-09
*8*21	1.00E-12	1.00E-12	1.00E-12	1.00E-12	1.00E-12	1.06E-09
*8*22	1.10E-08	1.00E-12	1.00E-12	1.00E-12	1.40E-08	7.00E-09
*8*23	1.00E-12	1.00E-12	1.00E-12	1.00E-10	1.00E-10	4.23E-11
*8*24	1.00E-12	1.00E-12	1.00E-12	1.00E-12	1.00E-12	1.00E-12
*8*25	1.00E-12	1.00E-12	1.00E-12	1.00E-12	1.00E-12	1.00E-12
*8*26	1.00E-12	1.00E-12	1.00E-12	1.00E-12	1.00E-12	1.00E-12
*8*27	1.00E-12	1.00E-12	1.00E-12	2.00E-10	1.00E-12	5.34E-10
*8*28	1.00E-12	1.00E-12	1.00E-12	1.00E-12	1.00E-12	5.01E-10
*8*31	1.00E-12	1.00E-12	1.00E-12	1.00E-12	1.00E-12	1.00E-12
*8*32	1.00E-12	1.00E-12	1.00E-12	1.00E-12	1.00E-12	1.00E-12
*8*33	1.00E-12	1.00E-12	1.00E-12	1.00E-12	1.00E-12	1.00E-12
*8*34	1.00E-12	1.00E-12	1.00E-12	1.00E-12	1.00E-12	1.00E-12
*8*35	1.00E-12	1.00E-12	1.00E-12	1.00E-12	1.00E-12	1.00E-12
*8*36	1.00E-12	1.00E-12	1.00E-12	1.00E-12	1.00E-12	1.00E-12
*8*37	1.00E-12	1.00E-12	1.00E-12	1.00E-12	1.00E-12	1.00E-12
*8*38	1.00E-12	1.00E-12	1.00E-12	1.00E-12	1.00E-12	1.00E-12
*9*1	0.01922775	1.00E-12	0.0359015	0.02234968	0.00721329	1.75E-02
*9*2	0.0014415	1.00E-12	0.002419	0.00157552	0.00072324	1.36E-03
*9*3	0.00010695	1.00E-12	0.0001416	3.44E-08	3.09E-05	3.94E-05
*9*4	0.00047895	1.00E-12	0.005841	0.00289648	0.00060123	2.69E-03
*9*5	0.00288765	1.00E-12	5.90E-08	0.0003784	0.00169785	1.18E-03
*9*6	0.0147405	1.00E-12	0.010915	0.0060028	0.0034251	7.76E-03
*9*7	4.65E-08	1.00E-12	5.90E-08	3.44E-08	0.00036456	3.52E-04
*9*8	4.65E-08	1.00E-12	5.90E-08	3.44E-08	1.47E-08	3.36E-08
*9*9	0.00216225	1.00E-12	0.003481	0.00118336	0.00021609	2.04E-03
*9*10	4.65E-08	1.00E-12	5.90E-08	3.44E-08	1.47E-08	3.36E-08
*9*11	0.00011625	1.00E-12	0.0001298	3.44E-08	4.41E-05	4.18E-05
*9*12	4.65E-08	1.00E-12	5.90E-08	3.44E-08	1.47E-06	3.42E-06
*9*13	4.65E-08	1.00E-12	5.90E-08	3.44E-08	1.47E-08	3.36E-08
*9*14	4.65E-08	1.00E-12	0.0001593	3.44E-08	7.50E-05	4.23E-05
*9*15	4.65E-08	1.00E-12	5.90E-06	3.44E-08	0.00010143	3.56E-05
*9*17	0.0033015	1.00E-12	5.90E-08	3.44E-08	1.47E-08	2.75E-04
*9*18	0.0015345	1.00E-12	5.90E-08	3.44E-08	1.47E-08	2.16E-04
*9*19	4.65E-08	1.00E-12	5.90E-08	3.44E-08	1.47E-08	3.49E-08
*9*20	4.65E-08	1.00E-12	5.90E-08	3.44E-08	1.47E-08	3.49E-08
*9*21	4.65E-08	1.00E-12	5.90E-08	3.44E-08	1.47E-08	3.47E-08
*9*22	0.0005115	1.00E-12	5.90E-08	3.44E-08	0.0002058	9.41E-05
*9*23	4.65E-08	1.00E-12	5.90E-08	3.44E-06	1.47E-06	9.65E-07
*9*24	4.65E-08	1.00E-12	5.90E-08	3.44E-08	1.47E-08	3.36E-08
*9*25	4.65E-08	1.00E-12	5.90E-08	3.44E-08	1.47E-08	3.36E-08
*9*26	4.65E-08	1.00E-12	5.90E-08	3.44E-08	1.47E-08	3.36E-08
*9*27	4.65E-08	1.00E-12	5.90E-08	6.88E-06	1.47E-08	1.18E-06
*9*28	4.65E-08	1.00E-12	5.90E-08	3.44E-08	1.47E-08	3.41E-08
*9*31	4.65E-08	1.00E-12	5.90E-08	3.44E-08	1.47E-08	3.36E-08
*9*32	4.65E-08	1.00E-12	5.90E-08	3.44E-08	1.47E-08	3.36E-08
*9*33	4.65E-08	1.00E-12	5.90E-08	3.44E-08	1.47E-08	3.36E-08
*9*34	4.65E-08	1.00E-12	5.90E-08	3.44E-08	1.47E-08	3.36E-08
*9*35	4.65E-08	1.00E-12	5.90E-08	3.44E-08	1.47E-08	3.36E-08
*9*36	4.65E-08	1.00E-12	5.90E-08	3.44E-08	1.47E-08	3.36E-08
*9*37	4.65E-08	1.00E-12	5.90E-08	3.44E-08	1.47E-08	3.36E-08
*9*38	4.65E-08	1.00E-12	5.90E-08	3.44E-08	1.47E-08	3.36E-08
*10*1	4.13E-07	1.00E-12	6.09E-07	6.50E-07	4.91E-07	4.52E-07
*10*2	3.10E-08	1.00E-12	4.10E-08	4.58E-08	4.92E-08	3.54E-08
*10*3	2.30E-09	1.00E-12	2.40E-09	1.00E-12	2.10E-09	1.07E-09
*10*4	1.03E-08	1.00E-12	9.90E-08	8.42E-08	4.09E-08	5.09E-08
*10*5	6.21E-08	1.00E-12	1.00E-12	1.10E-08	1.16E-07	4.44E-08
*10*6	3.17E-07	1.00E-12	1.85E-07	1.74E-07	2.33E-07	2.49E-07
*10*7	1.00E-12	1.00E-12	1.00E-12	1.00E-12	2.48E-08	1.10E-08
*10*8	1.00E-12	1.00E-12	1.00E-12	1.00E-12	1.00E-12	1.00E-12
*10*9	4.65E-08	1.00E-12	5.90E-08	3.44E-08	1.47E-08	3.36E-08
*10*10	1.00E-12	1.00E-12	1.00E-12	1.00E-12	1.00E-12	1.00E-12
*10*11	2.50E-09	1.00E-12	2.20E-09	1.00E-12	3.00E-09	7.19E-09
*10*12	1.00E-12	1.00E-12	1.00E-12	1.00E-12	1.00E-10	6.73E-11
*10*13	1.00E-12	1.00E-12	1.00E-12	1.00E-12	1.00E-12	1.00E-12
*10*14	1.00E-12	1.00E-12	2.70E-09	1.00E-12	5.10E-09	1.64E-09
*10*15	1.00E-12	1.00E-12	1.00E-10	1.00E-12	6.90E-09	3.08E-09
*10*17	7.10E-08	1.00E-12	1.00E-12	1.00E-12	1.00E-12	6.97E-09
*10*18	3.30E-08	1.00E-12	1.00E-12	1.00E-12	1.00E-12	8.78E-09
*10*19	1.00E-12	1.00E-12	1.00E-12	1.00E-12	1.00E-12	1.33E-09
*10*20	1.00E-12	1.00E-12	1.00E-12	1.00E-12	1.00E-12	1.33E-09
*10*21	1.00E-12	1.00E-12	1.00E-12	1.00E-12	1.00E-12	1.06E-09
*10*22	1.10E-08	1.00E-12	1.00E-12	1.00E-12	1.40E-08	7.00E-09
*10*23	1.00E-12	1.00E-12	1.00E-12	1.00E-10	1.00E-10	4.23E-11
*10*24	1.00E-12	1.00E-12	1.00E-12	1.00E-12	1.00E-12	1.00E-12
*10*25	1.00E-12	1.00E-12	1.00E-12	1.00E-12	1.00E-12	1.00E-12
*10*26	1.00E-12	1.00E-12	1.00E-12	1.00E-12	1.00E-12	1.00E-12
*10*27	1.00E-12	1.00E-12	1.00E-12	2.00E-10	1.00E-12	5.34E-10
*10*28	1.00E-12	1.00E-12	1.00E-12	1.00E-12	1.00E-12	5.01E-10
*10*31	1.00E-12	1.00E-12	1.00E-12	1.00E-12	1.00E-12	1.00E-12
*10*32	1.00E-12	1.00E-12	1.00E-12	1.00E-12	1.00E-12	1.00E-12
*10*33	1.00E-12	1.00E-12	1.00E-12	1.00E-12	1.00E-12	1.00E-12
*10*34	1.00E-12	1.00E-12	1.00E-12	1.00E-12	1.00E-12	1.00E-12
*10*35	1.00E-12	1.00E-12	1.00E-12	1.00E-12	1.00E-12	1.00E-12
*10*36	1.00E-12	1.00E-12	1.00E-12	1.00E-12	1.00E-12	1.00E-12
*10*37	1.00E-12	1.00E-12	1.00E-12	1.00E-12	1.00E-12	1.00E-12
*10*38	1.00E-12	1.00E-12	1.00E-12	1.00E-12	1.00E-12	1.00E-12
*11*1	0.00103375	1.00E-12	0.0013387	6.50E-07	0.0014721	2.50E-03
*11*2	7.75E-05	1.00E-12	9.02E-05	4.58E-08	0.0001476	2.40E-04
*11*3	5.75E-06	1.00E-12	5.28E-06	1.00E-12	6.30E-06	2.76E-06
*11*4	2.58E-05	1.00E-12	0.0002178	8.42E-08	0.0001227	6.60E-05
*11*5	0.00015525	1.00E-12	2.20E-09	1.10E-08	0.0003465	2.23E-04
*11*6	0.0007925	1.00E-12	0.000407	1.74E-07	0.000699	2.52E-03
*11*7	2.50E-09	1.00E-12	2.20E-09	1.00E-12	7.44E-05	1.14E-04
*11*8	2.50E-09	1.00E-12	2.20E-09	1.00E-12	3.00E-09	7.19E-09
*11*9	0.00011625	1.00E-12	0.0001298	3.44E-08	4.41E-05	4.18E-05
*11*10	2.50E-09	1.00E-12	2.20E-09	1.00E-12	3.00E-09	7.19E-09
*11*11	6.25E-06	1.00E-12	4.84E-06	1.00E-12	9.00E-06	4.22E-04
*11*12	2.50E-09	1.00E-12	2.20E-09	1.00E-12	3.00E-07	1.52E-07
*11*13	2.50E-09	1.00E-12	2.20E-09	1.00E-12	3.00E-09	7.19E-09
*11*14	2.50E-09	1.00E-12	5.94E-06	1.00E-12	1.53E-05	4.57E-06
*11*15	2.50E-09	1.00E-12	2.20E-07	1.00E-12	2.07E-05	9.11E-05
*11*17	0.0001775	1.00E-12	2.20E-09	1.00E-12	3.00E-09	8.92E-05
*11*18	8.25E-05	1.00E-12	2.20E-09	1.00E-12	3.00E-09	3.50E-04
*11*19	2.50E-09	1.00E-12	2.20E-09	1.00E-12	3.00E-09	9.45E-05
*11*20	2.50E-09	1.00E-12	2.20E-09	1.00E-12	3.00E-09	9.45E-05
*11*21	2.50E-09	1.00E-12	2.20E-09	1.00E-12	3.00E-09	7.50E-05
*11*22	2.75E-05	1.00E-12	2.20E-09	1.00E-12	4.20E-05	1.96E-04
*11*23	2.50E-09	1.00E-12	2.20E-09	1.00E-10	3.00E-07	8.15E-08
*11*24	2.50E-09	1.00E-12	2.20E-09	1.00E-12	3.00E-09	7.19E-09
*11*25	2.50E-09	1.00E-12	2.20E-09	1.00E-12	3.00E-09	7.19E-09
*11*26	2.50E-09	1.00E-12	2.20E-09	1.00E-12	3.00E-09	7.19E-09
*11*27	2.50E-09	1.00E-12	2.20E-09	2.00E-10	3.00E-09	3.55E-05
*11*28	2.50E-09	1.00E-12	2.20E-09	1.00E-12	3.00E-09	3.55E-05
*11*31	2.50E-09	1.00E-12	2.20E-09	1.00E-12	3.00E-09	7.19E-09
*11*32	2.50E-09	1.00E-12	2.20E-09	1.00E-12	3.00E-09	7.19E-09
*11*33	2.50E-09	1.00E-12	2.20E-09	1.00E-12	3.00E-09	7.19E-09
*11*34	2.50E-09	1.00E-12	2.20E-09	1.00E-12	3.00E-09	7.19E-09
*11*35	2.50E-09	1.00E-12	2.20E-09	1.00E-12	3.00E-09	7.19E-09
*11*36	2.50E-09	1.00E-12	2.20E-09	1.00E-12	3.00E-09	7.19E-09
*11*37	2.50E-09	1.00E-12	2.20E-09	1.00E-12	3.00E-09	7.19E-09
*11*38	2.50E-09	1.00E-12	2.20E-09	1.00E-12	3.00E-09	7.19E-09
*12*1	4.13E-07	1.00E-12	6.09E-07	6.50E-07	4.91E-05	3.33E-05
*12*2	3.10E-08	1.00E-12	4.10E-08	4.58E-08	4.92E-06	3.08E-06
*12*3	2.30E-09	1.00E-12	2.40E-09	1.00E-12	2.10E-07	1.28E-07
*12*4	1.03E-08	1.00E-12	9.90E-08	8.42E-08	4.09E-06	5.48E-06
*12*5	6.21E-08	1.00E-12	1.00E-12	1.10E-08	1.16E-05	4.49E-06
*12*6	3.17E-07	1.00E-12	1.85E-07	1.74E-07	2.33E-05	1.48E-05
*12*7	1.00E-12	1.00E-12	1.00E-12	1.00E-12	2.48E-06	9.58E-07
*12*8	1.00E-12	1.00E-12	1.00E-12	1.00E-12	1.00E-10	6.73E-11
*12*9	4.65E-08	1.00E-12	5.90E-08	3.44E-08	1.47E-06	3.42E-06
*12*10	1.00E-12	1.00E-12	1.00E-12	1.00E-12	1.00E-10	6.73E-11
*12*11	2.50E-09	1.00E-12	2.20E-09	1.00E-12	3.00E-07	1.52E-07
*12*12	1.00E-12	1.00E-12	1.00E-12	1.00E-12	1.00E-08	2.33E-08
*12*13	1.00E-12	1.00E-12	1.00E-12	1.00E-12	1.00E-10	6.73E-11
*12*14	1.00E-12	1.00E-12	2.70E-09	1.00E-12	5.10E-07	1.99E-07
*12*15	1.00E-12	1.00E-12	1.00E-10	1.00E-12	6.90E-07	2.40E-07
*12*17	7.10E-08	1.00E-12	1.00E-12	1.00E-12	1.00E-10	7.03E-09
*12*18	3.30E-08	1.00E-12	1.00E-12	1.00E-12	1.00E-10	6.16E-07
*12*19	1.00E-12	1.00E-12	1.00E-12	1.00E-12	1.00E-10	1.40E-09
*12*20	1.00E-12	1.00E-12	1.00E-12	1.00E-12	1.00E-10	1.40E-09
*12*21	1.00E-12	1.00E-12	1.00E-12	1.00E-12	1.00E-10	1.13E-09
*12*22	1.10E-08	1.00E-12	1.00E-12	1.00E-12	1.40E-06	3.54E-07
*12*23	1.00E-12	1.00E-12	1.00E-12	1.00E-10	1.00E-08	2.56E-09
*12*24	1.00E-12	1.00E-12	1.00E-12	1.00E-12	1.00E-10	6.73E-11
*12*25	1.00E-12	1.00E-12	1.00E-12	1.00E-12	1.00E-10	6.73E-11
*12*26	1.00E-12	1.00E-12	1.00E-12	1.00E-12	1.00E-10	6.73E-11
*12*27	1.00E-12	1.00E-12	1.00E-12	2.00E-10	1.00E-10	6.00E-10
*12*28	1.00E-12	1.00E-12	1.00E-12	1.00E-12	1.00E-10	5.67E-10
*12*31	1.00E-12	1.00E-12	1.00E-12	1.00E-12	1.00E-10	6.73E-11
*12*32	1.00E-12	1.00E-12	1.00E-12	1.00E-12	1.00E-10	6.73E-11
*12*33	1.00E-12	1.00E-12	1.00E-12	1.00E-12	1.00E-10	6.73E-11
*12*34	1.00E-12	1.00E-12	1.00E-12	1.00E-12	1.00E-10	6.73E-11
*12*35	1.00E-12	1.00E-12	1.00E-12	1.00E-12	1.00E-10	6.73E-11
*12*36	1.00E-12	1.00E-12	1.00E-12	1.00E-12	1.00E-10	6.73E-11
*12*37	1.00E-12	1.00E-12	1.00E-12	1.00E-12	1.00E-10	6.73E-11
*12*38	1.00E-12	1.00E-12	1.00E-12	1.00E-12	1.00E-10	6.73E-11
*13*1	4.13E-07	1.00E-12	6.09E-07	6.50E-07	4.91E-07	4.52E-07
*13*2	3.10E-08	1.00E-12	4.10E-08	4.58E-08	4.92E-08	3.54E-08
*13*3	2.30E-09	1.00E-12	2.40E-09	1.00E-12	2.10E-09	1.07E-09
*13*4	1.03E-08	1.00E-12	9.90E-08	8.42E-08	4.09E-08	5.09E-08
*13*5	6.21E-08	1.00E-12	1.00E-12	1.10E-08	1.16E-07	4.44E-08
*13*6	3.17E-07	1.00E-12	1.85E-07	1.74E-07	2.33E-07	2.49E-07
*13*7	1.00E-12	1.00E-12	1.00E-12	1.00E-12	2.48E-08	1.10E-08
*13*8	1.00E-12	1.00E-12	1.00E-12	1.00E-12	1.00E-12	1.00E-12
*13*9	4.65E-08	1.00E-12	5.90E-08	3.44E-08	1.47E-08	3.36E-08
*13*10	1.00E-12	1.00E-12	1.00E-12	1.00E-12	1.00E-12	1.00E-12
*13*11	2.50E-09	1.00E-12	2.20E-09	1.00E-12	3.00E-09	7.19E-09
*13*12	1.00E-12	1.00E-12	1.00E-12	1.00E-12	1.00E-10	6.73E-11
*13*13	1.00E-12	1.00E-12	1.00E-12	1.00E-12	1.00E-12	1.00E-12
*13*14	1.00E-12	1.00E-12	2.70E-09	1.00E-12	5.10E-09	1.64E-09
*13*15	1.00E-12	1.00E-12	1.00E-10	1.00E-12	6.90E-09	3.08E-09
*13*17	7.10E-08	1.00E-12	1.00E-12	1.00E-12	1.00E-12	6.97E-09
*13*18	3.30E-08	1.00E-12	1.00E-12	1.00E-12	1.00E-12	8.78E-09
*13*19	1.00E-12	1.00E-12	1.00E-12	1.00E-12	1.00E-12	1.33E-09
*13*20	1.00E-12	1.00E-12	1.00E-12	1.00E-12	1.00E-12	1.33E-09
*13*21	1.00E-12	1.00E-12	1.00E-12	1.00E-12	1.00E-12	1.06E-09
*13*22	1.10E-08	1.00E-12	1.00E-12	1.00E-12	1.40E-08	7.00E-09
*13*23	1.00E-12	1.00E-12	1.00E-12	1.00E-10	1.00E-10	4.23E-11
*13*24	1.00E-12	1.00E-12	1.00E-12	1.00E-12	1.00E-12	1.00E-12
*13*25	1.00E-12	1.00E-12	1.00E-12	1.00E-12	1.00E-12	1.00E-12
*13*26	1.00E-12	1.00E-12	1.00E-12	1.00E-12	1.00E-12	1.00E-12
*13*27	1.00E-12	1.00E-12	1.00E-12	2.00E-10	1.00E-12	5.34E-10
*13*28	1.00E-12	1.00E-12	1.00E-12	1.00E-12	1.00E-12	5.01E-10
*13*31	1.00E-12	1.00E-12	1.00E-12	1.00E-12	1.00E-12	1.00E-12
*13*32	1.00E-12	1.00E-12	1.00E-12	1.00E-12	1.00E-12	1.00E-12
*13*33	1.00E-12	1.00E-12	1.00E-12	1.00E-12	1.00E-12	1.00E-12
*13*34	1.00E-12	1.00E-12	1.00E-12	1.00E-12	1.00E-12	1.00E-12
*13*35	1.00E-12	1.00E-12	1.00E-12	1.00E-12	1.00E-12	1.00E-12
*13*36	1.00E-12	1.00E-12	1.00E-12	1.00E-12	1.00E-12	1.00E-12
*13*37	1.00E-12	1.00E-12	1.00E-12	1.00E-12	1.00E-12	1.00E-12
*13*38	1.00E-12	1.00E-12	1.00E-12	1.00E-12	1.00E-12	1.00E-12
*14*1	4.13E-07	1.00E-12	0.00164295	6.50E-07	0.00250257	8.33E-04
*14*2	3.10E-08	1.00E-12	0.0001107	4.58E-08	0.00025092	7.82E-05
*14*3	2.30E-09	1.00E-12	6.48E-06	1.00E-12	1.07E-05	3.47E-06
*14*4	1.03E-08	1.00E-12	0.0002673	8.42E-08	0.00020859	8.95E-05
*14*5	6.21E-08	1.00E-12	2.70E-09	1.10E-08	0.00058905	1.53E-04
*14*6	3.17E-07	1.00E-12	0.0004995	1.74E-07	0.0011883	3.69E-04
*14*7	1.00E-12	1.00E-12	2.70E-09	1.00E-12	0.00012648	3.28E-05
*14*8	1.00E-12	1.00E-12	2.70E-09	1.00E-12	5.10E-09	1.64E-09
*14*9	4.65E-08	1.00E-12	0.0001593	3.44E-08	7.50E-05	4.23E-05
*14*10	1.00E-12	1.00E-12	2.70E-09	1.00E-12	5.10E-09	1.64E-09
*14*11	2.50E-09	1.00E-12	5.94E-06	1.00E-12	1.53E-05	4.57E-06
*14*12	1.00E-12	1.00E-12	2.70E-09	1.00E-12	5.10E-07	1.99E-07
*14*13	1.00E-12	1.00E-12	2.70E-09	1.00E-12	5.10E-09	1.64E-09
*14*14	1.00E-12	1.00E-12	7.29E-06	1.00E-12	2.60E-05	7.35E-06
*14*15	1.00E-12	1.00E-12	2.70E-07	1.00E-12	3.52E-05	9.05E-06
*14*17	7.10E-08	1.00E-12	2.70E-09	1.00E-12	5.10E-09	8.61E-09
*14*18	3.30E-08	1.00E-12	2.70E-09	1.00E-12	5.10E-09	2.08E-06
*14*19	1.00E-12	1.00E-12	2.70E-09	1.00E-12	5.10E-09	2.98E-09
*14*20	1.00E-12	1.00E-12	2.70E-09	1.00E-12	5.10E-09	2.98E-09
*14*21	1.00E-12	1.00E-12	2.70E-09	1.00E-12	5.10E-09	2.70E-09
*14*22	1.10E-08	1.00E-12	2.70E-09	1.00E-12	7.14E-05	1.79E-05
*14*23	1.00E-12	1.00E-12	2.70E-09	1.00E-10	5.10E-07	1.28E-07
*14*24	1.00E-12	1.00E-12	2.70E-09	1.00E-12	5.10E-09	1.64E-09
*14*25	1.00E-12	1.00E-12	2.70E-09	1.00E-12	5.10E-09	1.64E-09
*14*26	1.00E-12	1.00E-12	2.70E-09	1.00E-12	5.10E-09	1.64E-09
*14*27	1.00E-12	1.00E-12	2.70E-09	2.00E-10	5.10E-09	2.18E-09
*14*28	1.00E-12	1.00E-12	2.70E-09	1.00E-12	5.10E-09	2.14E-09
*14*31	1.00E-12	1.00E-12	2.70E-09	1.00E-12	5.10E-09	1.64E-09
*14*32	1.00E-12	1.00E-12	2.70E-09	1.00E-12	5.10E-09	1.64E-09
*14*33	1.00E-12	1.00E-12	2.70E-09	1.00E-12	5.10E-09	1.64E-09
*14*34	1.00E-12	1.00E-12	2.70E-09	1.00E-12	5.10E-09	1.64E-09
*14*35	1.00E-12	1.00E-12	2.70E-09	1.00E-12	5.10E-09	1.64E-09
*14*36	1.00E-12	1.00E-12	2.70E-09	1.00E-12	5.10E-09	1.64E-09
*14*37	1.00E-12	1.00E-12	2.70E-09	1.00E-12	5.10E-09	1.64E-09
*14*38	1.00E-12	1.00E-12	2.70E-09	1.00E-12	5.10E-09	1.64E-09
*15*1	4.13E-07	1.00E-12	6.09E-05	6.50E-07	0.00338583	1.30E-03
*15*2	3.10E-08	1.00E-12	4.10E-06	4.58E-08	0.00033948	1.29E-04
*15*3	2.30E-09	1.00E-12	2.40E-07	1.00E-12	1.45E-05	3.88E-06
*15*4	1.03E-08	1.00E-12	9.90E-06	8.42E-08	0.00028221	8.56E-05
*15*5	6.21E-08	1.00E-12	1.00E-10	1.10E-08	0.00079695	2.28E-04
*15*6	3.17E-07	1.00E-12	1.85E-05	1.74E-07	0.0016077	8.85E-04
*15*7	1.00E-12	1.00E-12	1.00E-10	1.00E-12	0.00017112	6.32E-05
*15*8	1.00E-12	1.00E-12	1.00E-10	1.00E-12	6.90E-09	3.08E-09
*15*9	4.65E-08	1.00E-12	5.90E-06	3.44E-08	0.00010143	3.56E-05
*15*10	1.00E-12	1.00E-12	1.00E-10	1.00E-12	6.90E-09	3.08E-09
*15*11	2.50E-09	1.00E-12	2.20E-07	1.00E-12	2.07E-05	9.11E-05
*15*12	1.00E-12	1.00E-12	1.00E-10	1.00E-12	6.90E-07	2.40E-07
*15*13	1.00E-12	1.00E-12	1.00E-10	1.00E-12	6.90E-09	3.08E-09
*15*14	1.00E-12	1.00E-12	2.70E-07	1.00E-12	3.52E-05	9.05E-06
*15*15	1.00E-12	1.00E-12	1.00E-08	1.00E-12	4.76E-05	2.96E-05
*15*17	7.10E-08	1.00E-12	1.00E-10	1.00E-12	6.90E-09	1.52E-05
*15*18	3.30E-08	1.00E-12	1.00E-10	1.00E-12	6.90E-09	7.17E-05
*15*19	1.00E-12	1.00E-12	1.00E-10	1.00E-12	6.90E-09	1.93E-05
*15*20	1.00E-12	1.00E-12	1.00E-10	1.00E-12	6.90E-09	1.93E-05
*15*21	1.00E-12	1.00E-12	1.00E-10	1.00E-12	6.90E-09	1.53E-05
*15*22	1.10E-08	1.00E-12	1.00E-10	1.00E-12	9.66E-05	6.16E-05
*15*23	1.00E-12	1.00E-12	1.00E-10	1.00E-10	6.90E-07	1.74E-07
*15*24	1.00E-12	1.00E-12	1.00E-10	1.00E-12	6.90E-09	3.08E-09
*15*25	1.00E-12	1.00E-12	1.00E-10	1.00E-12	6.90E-09	3.08E-09
*15*26	1.00E-12	1.00E-12	1.00E-10	1.00E-12	6.90E-09	3.08E-09
*15*27	1.00E-12	1.00E-12	1.00E-10	2.00E-10	6.90E-09	7.25E-06
*15*28	1.00E-12	1.00E-12	1.00E-10	1.00E-12	6.90E-09	7.25E-06
*15*31	1.00E-12	1.00E-12	1.00E-10	1.00E-12	6.90E-09	3.08E-09
*15*32	1.00E-12	1.00E-12	1.00E-10	1.00E-12	6.90E-09	3.08E-09
*15*33	1.00E-12	1.00E-12	1.00E-10	1.00E-12	6.90E-09	3.08E-09
*15*34	1.00E-12	1.00E-12	1.00E-10	1.00E-12	6.90E-09	3.08E-09
*15*35	1.00E-12	1.00E-12	1.00E-10	1.00E-12	6.90E-09	3.08E-09
*15*36	1.00E-12	1.00E-12	1.00E-10	1.00E-12	6.90E-09	3.08E-09
*15*37	1.00E-12	1.00E-12	1.00E-10	1.00E-12	6.90E-09	3.08E-09
*15*38	1.00E-12	1.00E-12	1.00E-10	1.00E-12	6.90E-09	3.08E-09
*17*1	0.0293585	1.00E-12	6.09E-07	6.50E-07	4.91E-07	2.78E-03
*17*2	0.002201	1.00E-12	4.10E-08	4.58E-08	4.92E-08	2.16E-04
*17*3	0.0001633	1.00E-12	2.40E-09	1.00E-12	2.10E-09	1.36E-05
*17*4	0.0007313	1.00E-12	9.90E-08	8.42E-08	4.09E-08	6.10E-05
*17*5	0.0044091	1.00E-12	1.00E-12	1.10E-08	1.16E-07	3.88E-04
*17*6	0.022507	1.00E-12	1.85E-07	1.74E-07	2.33E-07	2.27E-03
*17*7	7.10E-08	1.00E-12	1.00E-12	1.00E-12	2.48E-08	1.68E-05
*17*8	7.10E-08	1.00E-12	1.00E-12	1.00E-12	1.00E-12	6.97E-09
*17*9	0.0033015	1.00E-12	5.90E-08	3.44E-08	1.47E-08	2.75E-04
*17*10	7.10E-08	1.00E-12	1.00E-12	1.00E-12	1.00E-12	6.97E-09
*17*11	0.0001775	1.00E-12	2.20E-09	1.00E-12	3.00E-09	8.92E-05
*17*12	7.10E-08	1.00E-12	1.00E-12	1.00E-12	1.00E-10	7.03E-09
*17*13	7.10E-08	1.00E-12	1.00E-12	1.00E-12	1.00E-12	6.97E-09
*17*14	7.10E-08	1.00E-12	2.70E-09	1.00E-12	5.10E-09	8.61E-09
*17*15	7.10E-08	1.00E-12	1.00E-10	1.00E-12	6.90E-09	1.52E-05
*17*17	0.005041	1.00E-12	1.00E-12	1.00E-12	1.00E-12	4.33E-04
*17*18	0.002343	1.00E-12	1.00E-12	1.00E-12	1.00E-12	2.56E-04
*17*19	7.10E-08	1.00E-12	1.00E-12	1.00E-12	1.00E-12	1.68E-05
*17*20	7.10E-08	1.00E-12	1.00E-12	1.00E-12	1.00E-12	1.68E-05
*17*21	7.10E-08	1.00E-12	1.00E-12	1.00E-12	1.00E-12	1.33E-05
*17*22	0.000781	1.00E-12	1.00E-12	1.00E-12	1.40E-08	9.76E-05
*17*23	7.10E-08	1.00E-12	1.00E-12	1.00E-10	1.00E-10	7.01E-09
*17*24	7.10E-08	1.00E-12	1.00E-12	1.00E-12	1.00E-12	6.97E-09
*17*25	7.10E-08	1.00E-12	1.00E-12	1.00E-12	1.00E-12	6.97E-09
*17*26	7.10E-08	1.00E-12	1.00E-12	1.00E-12	1.00E-12	6.97E-09
*17*27	7.10E-08	1.00E-12	1.00E-12	2.00E-10	1.00E-12	6.31E-06
*17*28	7.10E-08	1.00E-12	1.00E-12	1.00E-12	1.00E-12	6.31E-06
*17*31	7.10E-08	1.00E-12	1.00E-12	1.00E-12	1.00E-12	6.97E-09
*17*32	7.10E-08	1.00E-12	1.00E-12	1.00E-12	1.00E-12	6.97E-09
*17*33	7.10E-08	1.00E-12	1.00E-12	1.00E-12	1.00E-12	6.97E-09
*17*34	7.10E-08	1.00E-12	1.00E-12	1.00E-12	1.00E-12	6.97E-09
*17*35	7.10E-08	1.00E-12	1.00E-12	1.00E-12	1.00E-12	6.97E-09
*17*36	7.10E-08	1.00E-12	1.00E-12	1.00E-12	1.00E-12	6.97E-09
*17*37	7.10E-08	1.00E-12	1.00E-12	1.00E-12	1.00E-12	6.97E-09
*17*38	7.10E-08	1.00E-12	1.00E-12	1.00E-12	1.00E-12	6.97E-09
*18*1	0.0136455	1.00E-12	6.09E-07	6.50E-07	4.91E-07	3.26E-03
*18*2	0.001023	1.00E-12	4.10E-08	4.58E-08	4.92E-08	2.88E-04
*18*3	7.59E-05	1.00E-12	2.40E-09	1.00E-12	2.10E-09	8.52E-06
*18*4	0.0003399	1.00E-12	9.90E-08	8.42E-08	4.09E-08	1.58E-04
*18*5	0.0020493	1.00E-12	1.00E-12	1.10E-08	1.16E-07	3.13E-04
*18*6	0.010461	1.00E-12	1.85E-07	1.74E-07	2.33E-07	2.93E-03
*18*7	3.30E-08	1.00E-12	1.00E-12	1.00E-12	2.48E-08	8.67E-05
*18*8	3.30E-08	1.00E-12	1.00E-12	1.00E-12	1.00E-12	8.78E-09
*18*9	0.0015345	1.00E-12	5.90E-08	3.44E-08	1.47E-08	2.16E-04
*18*10	3.30E-08	1.00E-12	1.00E-12	1.00E-12	1.00E-12	8.78E-09
*18*11	8.25E-05	1.00E-12	2.20E-09	1.00E-12	3.00E-09	3.50E-04
*18*12	3.30E-08	1.00E-12	1.00E-12	1.00E-12	1.00E-10	6.16E-07
*18*13	3.30E-08	1.00E-12	1.00E-12	1.00E-12	1.00E-12	8.78E-09
*18*14	3.30E-08	1.00E-12	2.70E-09	1.00E-12	5.10E-09	2.08E-06
*18*15	3.30E-08	1.00E-12	1.00E-10	1.00E-12	6.90E-09	7.17E-05
*18*17	0.002343	1.00E-12	1.00E-12	1.00E-12	1.00E-12	2.56E-04
*18*18	0.001089	1.00E-12	1.00E-12	1.00E-12	1.00E-12	3.86E-04
*18*19	3.30E-08	1.00E-12	1.00E-12	1.00E-12	1.00E-12	7.69E-05
*18*20	3.30E-08	1.00E-12	1.00E-12	1.00E-12	1.00E-12	7.69E-05
*18*21	3.30E-08	1.00E-12	1.00E-12	1.00E-12	1.00E-12	6.11E-05
*18*22	0.000363	1.00E-12	1.00E-12	1.00E-12	1.40E-08	1.79E-04
*18*23	3.30E-08	1.00E-12	1.00E-12	1.00E-10	1.00E-10	8.82E-09
*18*24	3.30E-08	1.00E-12	1.00E-12	1.00E-12	1.00E-12	8.78E-09
*18*25	3.30E-08	1.00E-12	1.00E-12	1.00E-12	1.00E-12	8.78E-09
*18*26	3.30E-08	1.00E-12	1.00E-12	1.00E-12	1.00E-12	8.78E-09
*18*27	3.30E-08	1.00E-12	1.00E-12	2.00E-10	1.00E-12	2.89E-05
*18*28	3.30E-08	1.00E-12	1.00E-12	1.00E-12	1.00E-12	2.89E-05
*18*31	3.30E-08	1.00E-12	1.00E-12	1.00E-12	1.00E-12	8.78E-09
*18*32	3.30E-08	1.00E-12	1.00E-12	1.00E-12	1.00E-12	8.78E-09
*18*33	3.30E-08	1.00E-12	1.00E-12	1.00E-12	1.00E-12	8.78E-09
*18*34	3.30E-08	1.00E-12	1.00E-12	1.00E-12	1.00E-12	8.78E-09
*18*35	3.30E-08	1.00E-12	1.00E-12	1.00E-12	1.00E-12	8.78E-09
*18*36	3.30E-08	1.00E-12	1.00E-12	1.00E-12	1.00E-12	8.78E-09
*18*37	3.30E-08	1.00E-12	1.00E-12	1.00E-12	1.00E-12	8.78E-09
*18*38	3.30E-08	1.00E-12	1.00E-12	1.00E-12	1.00E-12	8.78E-09
*19*1	4.13E-07	1.00E-12	6.09E-07	6.50E-07	4.91E-07	4.20E-04
*19*2	3.10E-08	1.00E-12	4.10E-08	4.58E-08	4.92E-08	4.14E-05
*19*3	2.30E-09	1.00E-12	2.40E-09	1.00E-12	2.10E-09	2.40E-09
*19*4	1.03E-08	1.00E-12	9.90E-08	8.42E-08	4.09E-08	5.22E-08
*19*5	6.21E-08	1.00E-12	1.00E-12	1.10E-08	1.16E-07	2.67E-05
*19*6	3.17E-07	1.00E-12	1.85E-07	1.74E-07	2.33E-07	5.00E-04
*19*7	1.00E-12	1.00E-12	1.00E-12	1.00E-12	2.48E-08	2.13E-05
*19*8	1.00E-12	1.00E-12	1.00E-12	1.00E-12	1.00E-12	1.33E-09
*19*9	4.65E-08	1.00E-12	5.90E-08	3.44E-08	1.47E-08	3.49E-08
*19*10	1.00E-12	1.00E-12	1.00E-12	1.00E-12	1.00E-12	1.33E-09
*19*11	2.50E-09	1.00E-12	2.20E-09	1.00E-12	3.00E-09	9.45E-05
*19*12	1.00E-12	1.00E-12	1.00E-12	1.00E-12	1.00E-10	1.40E-09
*19*13	1.00E-12	1.00E-12	1.00E-12	1.00E-12	1.00E-12	1.33E-09
*19*14	1.00E-12	1.00E-12	2.70E-09	1.00E-12	5.10E-09	2.98E-09
*19*15	1.00E-12	1.00E-12	1.00E-10	1.00E-12	6.90E-09	1.93E-05
*19*17	7.10E-08	1.00E-12	1.00E-12	1.00E-12	1.00E-12	1.68E-05
*19*18	3.30E-08	1.00E-12	1.00E-12	1.00E-12	1.00E-12	7.69E-05
*19*19	1.00E-12	1.00E-12	1.00E-12	1.00E-12	1.00E-12	2.13E-05
*19*20	1.00E-12	1.00E-12	1.00E-12	1.00E-12	1.00E-12	2.13E-05
*19*21	1.00E-12	1.00E-12	1.00E-12	1.00E-12	1.00E-12	1.69E-05
*19*22	1.10E-08	1.00E-12	1.00E-12	1.00E-12	1.40E-08	4.13E-05
*19*23	1.00E-12	1.00E-12	1.00E-12	1.00E-10	1.00E-10	1.38E-09
*19*24	1.00E-12	1.00E-12	1.00E-12	1.00E-12	1.00E-12	1.33E-09
*19*25	1.00E-12	1.00E-12	1.00E-12	1.00E-12	1.00E-12	1.33E-09
*19*26	1.00E-12	1.00E-12	1.00E-12	1.00E-12	1.00E-12	1.33E-09
*19*27	1.00E-12	1.00E-12	1.00E-12	2.00E-10	1.00E-12	8.00E-06
*19*28	1.00E-12	1.00E-12	1.00E-12	1.00E-12	1.00E-12	8.00E-06
*19*31	1.00E-12	1.00E-12	1.00E-12	1.00E-12	1.00E-12	1.33E-09
*19*32	1.00E-12	1.00E-12	1.00E-12	1.00E-12	1.00E-12	1.33E-09
*19*33	1.00E-12	1.00E-12	1.00E-12	1.00E-12	1.00E-12	1.33E-09
*19*34	1.00E-12	1.00E-12	1.00E-12	1.00E-12	1.00E-12	1.33E-09
*19*35	1.00E-12	1.00E-12	1.00E-12	1.00E-12	1.00E-12	1.33E-09
*19*36	1.00E-12	1.00E-12	1.00E-12	1.00E-12	1.00E-12	1.33E-09
*19*37	1.00E-12	1.00E-12	1.00E-12	1.00E-12	1.00E-12	1.33E-09
*19*38	1.00E-12	1.00E-12	1.00E-12	1.00E-12	1.00E-12	1.33E-09
*20*1	4.13E-07	1.00E-12	6.09E-07	6.50E-07	4.91E-07	4.20E-04
*20*2	3.10E-08	1.00E-12	4.10E-08	4.58E-08	4.92E-08	4.14E-05
*20*3	2.30E-09	1.00E-12	2.40E-09	1.00E-12	2.10E-09	2.40E-09
*20*4	1.03E-08	1.00E-12	9.90E-08	8.42E-08	4.09E-08	5.22E-08
*20*5	6.21E-08	1.00E-12	1.00E-12	1.10E-08	1.16E-07	2.67E-05
*20*6	3.17E-07	1.00E-12	1.85E-07	1.74E-07	2.33E-07	5.00E-04
*20*7	1.00E-12	1.00E-12	1.00E-12	1.00E-12	2.48E-08	2.13E-05
*20*8	1.00E-12	1.00E-12	1.00E-12	1.00E-12	1.00E-12	1.33E-09
*20*9	4.65E-08	1.00E-12	5.90E-08	3.44E-08	1.47E-08	3.49E-08
*20*10	1.00E-12	1.00E-12	1.00E-12	1.00E-12	1.00E-12	1.33E-09
*20*11	2.50E-09	1.00E-12	2.20E-09	1.00E-12	3.00E-09	9.45E-05
*20*12	1.00E-12	1.00E-12	1.00E-12	1.00E-12	1.00E-10	1.40E-09
*20*13	1.00E-12	1.00E-12	1.00E-12	1.00E-12	1.00E-12	1.33E-09
*20*14	1.00E-12	1.00E-12	2.70E-09	1.00E-12	5.10E-09	2.98E-09
*20*15	1.00E-12	1.00E-12	1.00E-10	1.00E-12	6.90E-09	1.93E-05
*20*17	7.10E-08	1.00E-12	1.00E-12	1.00E-12	1.00E-12	1.68E-05
*20*18	3.30E-08	1.00E-12	1.00E-12	1.00E-12	1.00E-12	7.69E-05
*20*19	1.00E-12	1.00E-12	1.00E-12	1.00E-12	1.00E-12	2.13E-05
*20*20	1.00E-12	1.00E-12	1.00E-12	1.00E-12	1.00E-12	2.13E-05
*20*21	1.00E-12	1.00E-12	1.00E-12	1.00E-12	1.00E-12	1.69E-05
*20*22	1.10E-08	1.00E-12	1.00E-12	1.00E-12	1.40E-08	4.13E-05
*20*23	1.00E-12	1.00E-12	1.00E-12	1.00E-10	1.00E-10	1.38E-09
*20*24	1.00E-12	1.00E-12	1.00E-12	1.00E-12	1.00E-12	1.33E-09
*20*25	1.00E-12	1.00E-12	1.00E-12	1.00E-12	1.00E-12	1.33E-09
*20*26	1.00E-12	1.00E-12	1.00E-12	1.00E-12	1.00E-12	1.33E-09
*20*27	1.00E-12	1.00E-12	1.00E-12	2.00E-10	1.00E-12	8.00E-06
*20*28	1.00E-12	1.00E-12	1.00E-12	1.00E-12	1.00E-12	8.00E-06
*20*31	1.00E-12	1.00E-12	1.00E-12	1.00E-12	1.00E-12	1.33E-09
*20*32	1.00E-12	1.00E-12	1.00E-12	1.00E-12	1.00E-12	1.33E-09
*20*33	1.00E-12	1.00E-12	1.00E-12	1.00E-12	1.00E-12	1.33E-09
*20*34	1.00E-12	1.00E-12	1.00E-12	1.00E-12	1.00E-12	1.33E-09
*20*35	1.00E-12	1.00E-12	1.00E-12	1.00E-12	1.00E-12	1.33E-09
*20*36	1.00E-12	1.00E-12	1.00E-12	1.00E-12	1.00E-12	1.33E-09
*20*37	1.00E-12	1.00E-12	1.00E-12	1.00E-12	1.00E-12	1.33E-09
*20*38	1.00E-12	1.00E-12	1.00E-12	1.00E-12	1.00E-12	1.33E-09
*21*1	4.13E-07	1.00E-12	6.09E-07	6.50E-07	4.91E-07	3.33E-04
*21*2	3.10E-08	1.00E-12	4.10E-08	4.58E-08	4.92E-08	3.28E-05
*21*3	2.30E-09	1.00E-12	2.40E-09	1.00E-12	2.10E-09	2.13E-09
*21*4	1.03E-08	1.00E-12	9.90E-08	8.42E-08	4.09E-08	5.19E-08
*21*5	6.21E-08	1.00E-12	1.00E-12	1.10E-08	1.16E-07	2.12E-05
*21*6	3.17E-07	1.00E-12	1.85E-07	1.74E-07	2.33E-07	3.97E-04
*21*7	1.00E-12	1.00E-12	1.00E-12	1.00E-12	2.48E-08	1.69E-05
*21*8	1.00E-12	1.00E-12	1.00E-12	1.00E-12	1.00E-12	1.06E-09
*21*9	4.65E-08	1.00E-12	5.90E-08	3.44E-08	1.47E-08	3.47E-08
*21*10	1.00E-12	1.00E-12	1.00E-12	1.00E-12	1.00E-12	1.06E-09
*21*11	2.50E-09	1.00E-12	2.20E-09	1.00E-12	3.00E-09	7.50E-05
*21*12	1.00E-12	1.00E-12	1.00E-12	1.00E-12	1.00E-10	1.13E-09
*21*13	1.00E-12	1.00E-12	1.00E-12	1.00E-12	1.00E-12	1.06E-09
*21*14	1.00E-12	1.00E-12	2.70E-09	1.00E-12	5.10E-09	2.70E-09
*21*15	1.00E-12	1.00E-12	1.00E-10	1.00E-12	6.90E-09	1.53E-05
*21*17	7.10E-08	1.00E-12	1.00E-12	1.00E-12	1.00E-12	1.33E-05
*21*18	3.30E-08	1.00E-12	1.00E-12	1.00E-12	1.00E-12	6.11E-05
*21*19	1.00E-12	1.00E-12	1.00E-12	1.00E-12	1.00E-12	1.69E-05
*21*20	1.00E-12	1.00E-12	1.00E-12	1.00E-12	1.00E-12	1.69E-05
*21*21	1.00E-12	1.00E-12	1.00E-12	1.00E-12	1.00E-12	1.34E-05
*21*22	1.10E-08	1.00E-12	1.00E-12	1.00E-12	1.40E-08	3.28E-05
*21*23	1.00E-12	1.00E-12	1.00E-12	1.00E-10	1.00E-10	1.10E-09
*21*24	1.00E-12	1.00E-12	1.00E-12	1.00E-12	1.00E-12	1.06E-09
*21*25	1.00E-12	1.00E-12	1.00E-12	1.00E-12	1.00E-12	1.06E-09
*21*26	1.00E-12	1.00E-12	1.00E-12	1.00E-12	1.00E-12	1.06E-09
*21*27	1.00E-12	1.00E-12	1.00E-12	2.00E-10	1.00E-12	6.35E-06
*21*28	1.00E-12	1.00E-12	1.00E-12	1.00E-12	1.00E-12	6.35E-06
*21*31	1.00E-12	1.00E-12	1.00E-12	1.00E-12	1.00E-12	1.06E-09
*21*32	1.00E-12	1.00E-12	1.00E-12	1.00E-12	1.00E-12	1.06E-09
*21*33	1.00E-12	1.00E-12	1.00E-12	1.00E-12	1.00E-12	1.06E-09
*21*34	1.00E-12	1.00E-12	1.00E-12	1.00E-12	1.00E-12	1.06E-09
*21*35	1.00E-12	1.00E-12	1.00E-12	1.00E-12	1.00E-12	1.06E-09
*21*36	1.00E-12	1.00E-12	1.00E-12	1.00E-12	1.00E-12	1.06E-09
*21*37	1.00E-12	1.00E-12	1.00E-12	1.00E-12	1.00E-12	1.06E-09
*21*38	1.00E-12	1.00E-12	1.00E-12	1.00E-12	1.00E-12	1.06E-09
*22*1	0.0045485	1.00E-12	6.09E-07	6.50E-07	0.0068698	2.91E-03
*22*2	0.000341	1.00E-12	4.10E-08	4.58E-08	0.0006888	2.81E-04
*22*3	2.53E-05	1.00E-12	2.40E-09	1.00E-12	2.94E-05	9.46E-06
*22*4	0.0001133	1.00E-12	9.90E-08	8.42E-08	0.0005726	1.53E-04
*22*5	0.0006831	1.00E-12	1.00E-12	1.10E-08	0.001617	5.13E-04
*22*6	0.003487	1.00E-12	1.85E-07	1.74E-07	0.003262	2.07E-03
*22*7	1.10E-08	1.00E-12	1.00E-12	1.00E-12	0.0003472	1.28E-04
*22*8	1.10E-08	1.00E-12	1.00E-12	1.00E-12	1.40E-08	7.00E-09
*22*9	0.0005115	1.00E-12	5.90E-08	3.44E-08	0.0002058	9.41E-05
*22*10	1.10E-08	1.00E-12	1.00E-12	1.00E-12	1.40E-08	7.00E-09
*22*11	2.75E-05	1.00E-12	2.20E-09	1.00E-12	4.20E-05	1.96E-04
*22*12	1.10E-08	1.00E-12	1.00E-12	1.00E-12	1.40E-06	3.54E-07
*22*13	1.10E-08	1.00E-12	1.00E-12	1.00E-12	1.40E-08	7.00E-09
*22*14	1.10E-08	1.00E-12	2.70E-09	1.00E-12	7.14E-05	1.79E-05
*22*15	1.10E-08	1.00E-12	1.00E-10	1.00E-12	9.66E-05	6.16E-05
*22*17	0.000781	1.00E-12	1.00E-12	1.00E-12	1.40E-08	9.76E-05
*22*18	0.000363	1.00E-12	1.00E-12	1.00E-12	1.40E-08	1.79E-04
*22*19	1.10E-08	1.00E-12	1.00E-12	1.00E-12	1.40E-08	4.13E-05
*22*20	1.10E-08	1.00E-12	1.00E-12	1.00E-12	1.40E-08	4.13E-05
*22*21	1.10E-08	1.00E-12	1.00E-12	1.00E-12	1.40E-08	3.28E-05
*22*22	0.000121	1.00E-12	1.00E-12	1.00E-12	0.000196	1.39E-04
*22*23	1.10E-08	1.00E-12	1.00E-12	1.00E-10	1.40E-06	3.54E-07
*22*24	1.10E-08	1.00E-12	1.00E-12	1.00E-12	1.40E-08	7.00E-09
*22*25	1.10E-08	1.00E-12	1.00E-12	1.00E-12	1.40E-08	7.00E-09
*22*26	1.10E-08	1.00E-12	1.00E-12	1.00E-12	1.40E-08	7.00E-09
*22*27	1.10E-08	1.00E-12	1.00E-12	2.00E-10	1.40E-08	1.55E-05
*22*28	1.10E-08	1.00E-12	1.00E-12	1.00E-12	1.40E-08	1.55E-05
*22*31	1.10E-08	1.00E-12	1.00E-12	1.00E-12	1.40E-08	7.00E-09
*22*32	1.10E-08	1.00E-12	1.00E-12	1.00E-12	1.40E-08	7.00E-09
*22*33	1.10E-08	1.00E-12	1.00E-12	1.00E-12	1.40E-08	7.00E-09
*22*34	1.10E-08	1.00E-12	1.00E-12	1.00E-12	1.40E-08	7.00E-09
*22*35	1.10E-08	1.00E-12	1.00E-12	1.00E-12	1.40E-08	7.00E-09
*22*36	1.10E-08	1.00E-12	1.00E-12	1.00E-12	1.40E-08	7.00E-09
*22*37	1.10E-08	1.00E-12	1.00E-12	1.00E-12	1.40E-08	7.00E-09
*22*38	1.10E-08	1.00E-12	1.00E-12	1.00E-12	1.40E-08	7.00E-09
*23*1	4.13E-07	1.00E-12	6.09E-07	6.50E-05	4.91E-05	2.33E-05
*23*2	3.10E-08	1.00E-12	4.10E-08	4.58E-06	4.92E-06	2.01E-06
*23*3	2.30E-09	1.00E-12	2.40E-09	1.00E-10	2.10E-07	5.31E-08
*23*4	1.03E-08	1.00E-12	9.90E-08	8.42E-06	4.09E-06	2.45E-06
*23*5	6.21E-08	1.00E-12	1.00E-12	1.10E-06	1.16E-05	3.08E-06
*23*6	3.17E-07	1.00E-12	1.85E-07	1.75E-05	2.33E-05	8.89E-06
*23*7	1.00E-12	1.00E-12	1.00E-12	1.00E-10	2.48E-06	6.25E-07
*23*8	1.00E-12	1.00E-12	1.00E-12	1.00E-10	1.00E-10	4.23E-11
*23*9	4.65E-08	1.00E-12	5.90E-08	3.44E-06	1.47E-06	9.65E-07
*23*10	1.00E-12	1.00E-12	1.00E-12	1.00E-10	1.00E-10	4.23E-11
*23*11	2.50E-09	1.00E-12	2.20E-09	1.00E-10	3.00E-07	8.15E-08
*23*12	1.00E-12	1.00E-12	1.00E-12	1.00E-10	1.00E-08	2.56E-09
*23*13	1.00E-12	1.00E-12	1.00E-12	1.00E-10	1.00E-10	4.23E-11
*23*14	1.00E-12	1.00E-12	2.70E-09	1.00E-10	5.10E-07	1.28E-07
*23*15	1.00E-12	1.00E-12	1.00E-10	1.00E-10	6.90E-07	1.74E-07
*23*17	7.10E-08	1.00E-12	1.00E-12	1.00E-10	1.00E-10	7.01E-09
*23*18	3.30E-08	1.00E-12	1.00E-12	1.00E-10	1.00E-10	8.82E-09
*23*19	1.00E-12	1.00E-12	1.00E-12	1.00E-10	1.00E-10	1.38E-09
*23*20	1.00E-12	1.00E-12	1.00E-12	1.00E-10	1.00E-10	1.38E-09
*23*21	1.00E-12	1.00E-12	1.00E-12	1.00E-10	1.00E-10	1.10E-09
*23*22	1.10E-08	1.00E-12	1.00E-12	1.00E-10	1.40E-06	3.54E-07
*23*23	1.00E-12	1.00E-12	1.00E-12	1.00E-08	1.00E-08	4.17E-09
*23*24	1.00E-12	1.00E-12	1.00E-12	1.00E-10	1.00E-10	4.23E-11
*23*25	1.00E-12	1.00E-12	1.00E-12	1.00E-10	1.00E-10	4.23E-11
*23*26	1.00E-12	1.00E-12	1.00E-12	1.00E-10	1.00E-10	4.23E-11
*23*27	1.00E-12	1.00E-12	1.00E-12	2.00E-08	1.00E-10	3.86E-09
*23*28	1.00E-12	1.00E-12	1.00E-12	1.00E-10	1.00E-10	5.42E-10
*23*31	1.00E-12	1.00E-12	1.00E-12	1.00E-10	1.00E-10	4.23E-11
*23*32	1.00E-12	1.00E-12	1.00E-12	1.00E-10	1.00E-10	4.23E-11
*23*33	1.00E-12	1.00E-12	1.00E-12	1.00E-10	1.00E-10	4.23E-11
*23*34	1.00E-12	1.00E-12	1.00E-12	1.00E-10	1.00E-10	4.23E-11
*23*35	1.00E-12	1.00E-12	1.00E-12	1.00E-10	1.00E-10	4.23E-11
*23*36	1.00E-12	1.00E-12	1.00E-12	1.00E-10	1.00E-10	4.23E-11
*23*37	1.00E-12	1.00E-12	1.00E-12	1.00E-10	1.00E-10	4.23E-11
*23*38	1.00E-12	1.00E-12	1.00E-12	1.00E-10	1.00E-10	4.23E-11
*24*1	4.13E-07	1.00E-12	6.09E-07	6.50E-07	4.91E-07	4.52E-07
*24*2	3.10E-08	1.00E-12	4.10E-08	4.58E-08	4.92E-08	3.54E-08
*24*3	2.30E-09	1.00E-12	2.40E-09	1.00E-12	2.10E-09	1.07E-09
*24*4	1.03E-08	1.00E-12	9.90E-08	8.42E-08	4.09E-08	5.09E-08
*24*5	6.21E-08	1.00E-12	1.00E-12	1.10E-08	1.16E-07	4.44E-08
*24*6	3.17E-07	1.00E-12	1.85E-07	1.74E-07	2.33E-07	2.49E-07
*24*7	1.00E-12	1.00E-12	1.00E-12	1.00E-12	2.48E-08	1.10E-08
*24*8	1.00E-12	1.00E-12	1.00E-12	1.00E-12	1.00E-12	1.00E-12
*24*9	4.65E-08	1.00E-12	5.90E-08	3.44E-08	1.47E-08	3.36E-08
*24*10	1.00E-12	1.00E-12	1.00E-12	1.00E-12	1.00E-12	1.00E-12
*24*11	2.50E-09	1.00E-12	2.20E-09	1.00E-12	3.00E-09	7.19E-09
*24*12	1.00E-12	1.00E-12	1.00E-12	1.00E-12	1.00E-10	6.73E-11
*24*13	1.00E-12	1.00E-12	1.00E-12	1.00E-12	1.00E-12	1.00E-12
*24*14	1.00E-12	1.00E-12	2.70E-09	1.00E-12	5.10E-09	1.64E-09
*24*15	1.00E-12	1.00E-12	1.00E-10	1.00E-12	6.90E-09	3.08E-09
*24*17	7.10E-08	1.00E-12	1.00E-12	1.00E-12	1.00E-12	6.97E-09
*24*18	3.30E-08	1.00E-12	1.00E-12	1.00E-12	1.00E-12	8.78E-09
*24*19	1.00E-12	1.00E-12	1.00E-12	1.00E-12	1.00E-12	1.33E-09
*24*20	1.00E-12	1.00E-12	1.00E-12	1.00E-12	1.00E-12	1.33E-09
*24*21	1.00E-12	1.00E-12	1.00E-12	1.00E-12	1.00E-12	1.06E-09
*24*22	1.10E-08	1.00E-12	1.00E-12	1.00E-12	1.40E-08	7.00E-09
*24*23	1.00E-12	1.00E-12	1.00E-12	1.00E-10	1.00E-10	4.23E-11
*24*24	1.00E-12	1.00E-12	1.00E-12	1.00E-12	1.00E-12	1.00E-12
*24*25	1.00E-12	1.00E-12	1.00E-12	1.00E-12	1.00E-12	1.00E-12
*24*26	1.00E-12	1.00E-12	1.00E-12	1.00E-12	1.00E-12	1.00E-12
*24*27	1.00E-12	1.00E-12	1.00E-12	2.00E-10	1.00E-12	5.34E-10
*24*28	1.00E-12	1.00E-12	1.00E-12	1.00E-12	1.00E-12	5.01E-10
*24*31	1.00E-12	1.00E-12	1.00E-12	1.00E-12	1.00E-12	1.00E-12
*24*32	1.00E-12	1.00E-12	1.00E-12	1.00E-12	1.00E-12	1.00E-12
*24*33	1.00E-12	1.00E-12	1.00E-12	1.00E-12	1.00E-12	1.00E-12
*24*34	1.00E-12	1.00E-12	1.00E-12	1.00E-12	1.00E-12	1.00E-12
*24*35	1.00E-12	1.00E-12	1.00E-12	1.00E-12	1.00E-12	1.00E-12
*24*36	1.00E-12	1.00E-12	1.00E-12	1.00E-12	1.00E-12	1.00E-12
*24*37	1.00E-12	1.00E-12	1.00E-12	1.00E-12	1.00E-12	1.00E-12
*24*38	1.00E-12	1.00E-12	1.00E-12	1.00E-12	1.00E-12	1.00E-12
*25*1	4.13E-07	1.00E-12	6.09E-07	6.50E-07	4.91E-07	4.52E-07
*25*2	3.10E-08	1.00E-12	4.10E-08	4.58E-08	4.92E-08	3.54E-08
*25*3	2.30E-09	1.00E-12	2.40E-09	1.00E-12	2.10E-09	1.07E-09
*25*4	1.03E-08	1.00E-12	9.90E-08	8.42E-08	4.09E-08	5.09E-08
*25*5	6.21E-08	1.00E-12	1.00E-12	1.10E-08	1.16E-07	4.44E-08
*25*6	3.17E-07	1.00E-12	1.85E-07	1.74E-07	2.33E-07	2.49E-07
*25*7	1.00E-12	1.00E-12	1.00E-12	1.00E-12	2.48E-08	1.10E-08
*25*8	1.00E-12	1.00E-12	1.00E-12	1.00E-12	1.00E-12	1.00E-12
*25*9	4.65E-08	1.00E-12	5.90E-08	3.44E-08	1.47E-08	3.36E-08
*25*10	1.00E-12	1.00E-12	1.00E-12	1.00E-12	1.00E-12	1.00E-12
*25*11	2.50E-09	1.00E-12	2.20E-09	1.00E-12	3.00E-09	7.19E-09
*25*12	1.00E-12	1.00E-12	1.00E-12	1.00E-12	1.00E-10	6.73E-11
*25*13	1.00E-12	1.00E-12	1.00E-12	1.00E-12	1.00E-12	1.00E-12
*25*14	1.00E-12	1.00E-12	2.70E-09	1.00E-12	5.10E-09	1.64E-09
*25*15	1.00E-12	1.00E-12	1.00E-10	1.00E-12	6.90E-09	3.08E-09
*25*17	7.10E-08	1.00E-12	1.00E-12	1.00E-12	1.00E-12	6.97E-09
*25*18	3.30E-08	1.00E-12	1.00E-12	1.00E-12	1.00E-12	8.78E-09
*25*19	1.00E-12	1.00E-12	1.00E-12	1.00E-12	1.00E-12	1.33E-09
*25*20	1.00E-12	1.00E-12	1.00E-12	1.00E-12	1.00E-12	1.33E-09
*25*21	1.00E-12	1.00E-12	1.00E-12	1.00E-12	1.00E-12	1.06E-09
*25*22	1.10E-08	1.00E-12	1.00E-12	1.00E-12	1.40E-08	7.00E-09
*25*23	1.00E-12	1.00E-12	1.00E-12	1.00E-10	1.00E-10	4.23E-11
*25*24	1.00E-12	1.00E-12	1.00E-12	1.00E-12	1.00E-12	1.00E-12
*25*25	1.00E-12	1.00E-12	1.00E-12	1.00E-12	1.00E-12	1.00E-12
*25*26	1.00E-12	1.00E-12	1.00E-12	1.00E-12	1.00E-12	1.00E-12
*25*27	1.00E-12	1.00E-12	1.00E-12	2.00E-10	1.00E-12	5.34E-10
*25*28	1.00E-12	1.00E-12	1.00E-12	1.00E-12	1.00E-12	5.01E-10
*25*31	1.00E-12	1.00E-12	1.00E-12	1.00E-12	1.00E-12	1.00E-12
*25*32	1.00E-12	1.00E-12	1.00E-12	1.00E-12	1.00E-12	1.00E-12
*25*33	1.00E-12	1.00E-12	1.00E-12	1.00E-12	1.00E-12	1.00E-12
*25*34	1.00E-12	1.00E-12	1.00E-12	1.00E-12	1.00E-12	1.00E-12
*25*35	1.00E-12	1.00E-12	1.00E-12	1.00E-12	1.00E-12	1.00E-12
*25*36	1.00E-12	1.00E-12	1.00E-12	1.00E-12	1.00E-12	1.00E-12
*25*37	1.00E-12	1.00E-12	1.00E-12	1.00E-12	1.00E-12	1.00E-12
*25*38	1.00E-12	1.00E-12	1.00E-12	1.00E-12	1.00E-12	1.00E-12
*26*1	4.13E-07	1.00E-12	6.09E-07	6.50E-07	4.91E-07	4.52E-07
*26*2	3.10E-08	1.00E-12	4.10E-08	4.58E-08	4.92E-08	3.54E-08
*26*3	2.30E-09	1.00E-12	2.40E-09	1.00E-12	2.10E-09	1.07E-09
*26*4	1.03E-08	1.00E-12	9.90E-08	8.42E-08	4.09E-08	5.09E-08
*26*5	6.21E-08	1.00E-12	1.00E-12	1.10E-08	1.16E-07	4.44E-08
*26*6	3.17E-07	1.00E-12	1.85E-07	1.74E-07	2.33E-07	2.49E-07
*26*7	1.00E-12	1.00E-12	1.00E-12	1.00E-12	2.48E-08	1.10E-08
*26*8	1.00E-12	1.00E-12	1.00E-12	1.00E-12	1.00E-12	1.00E-12
*26*9	4.65E-08	1.00E-12	5.90E-08	3.44E-08	1.47E-08	3.36E-08
*26*10	1.00E-12	1.00E-12	1.00E-12	1.00E-12	1.00E-12	1.00E-12
*26*11	2.50E-09	1.00E-12	2.20E-09	1.00E-12	3.00E-09	7.19E-09
*26*12	1.00E-12	1.00E-12	1.00E-12	1.00E-12	1.00E-10	6.73E-11
*26*13	1.00E-12	1.00E-12	1.00E-12	1.00E-12	1.00E-12	1.00E-12
*26*14	1.00E-12	1.00E-12	2.70E-09	1.00E-12	5.10E-09	1.64E-09
*26*15	1.00E-12	1.00E-12	1.00E-10	1.00E-12	6.90E-09	3.08E-09
*26*17	7.10E-08	1.00E-12	1.00E-12	1.00E-12	1.00E-12	6.97E-09
*26*18	3.30E-08	1.00E-12	1.00E-12	1.00E-12	1.00E-12	8.78E-09
*26*19	1.00E-12	1.00E-12	1.00E-12	1.00E-12	1.00E-12	1.33E-09
*26*20	1.00E-12	1.00E-12	1.00E-12	1.00E-12	1.00E-12	1.33E-09
*26*21	1.00E-12	1.00E-12	1.00E-12	1.00E-12	1.00E-12	1.06E-09
*26*22	1.10E-08	1.00E-12	1.00E-12	1.00E-12	1.40E-08	7.00E-09
*26*23	1.00E-12	1.00E-12	1.00E-12	1.00E-10	1.00E-10	4.23E-11
*26*24	1.00E-12	1.00E-12	1.00E-12	1.00E-12	1.00E-12	1.00E-12
*26*25	1.00E-12	1.00E-12	1.00E-12	1.00E-12	1.00E-12	1.00E-12
*26*26	1.00E-12	1.00E-12	1.00E-12	1.00E-12	1.00E-12	1.00E-12
*26*27	1.00E-12	1.00E-12	1.00E-12	2.00E-10	1.00E-12	5.34E-10
*26*28	1.00E-12	1.00E-12	1.00E-12	1.00E-12	1.00E-12	5.01E-10
*26*31	1.00E-12	1.00E-12	1.00E-12	1.00E-12	1.00E-12	1.00E-12
*26*32	1.00E-12	1.00E-12	1.00E-12	1.00E-12	1.00E-12	1.00E-12
*26*33	1.00E-12	1.00E-12	1.00E-12	1.00E-12	1.00E-12	1.00E-12
*26*34	1.00E-12	1.00E-12	1.00E-12	1.00E-12	1.00E-12	1.00E-12
*26*35	1.00E-12	1.00E-12	1.00E-12	1.00E-12	1.00E-12	1.00E-12
*26*36	1.00E-12	1.00E-12	1.00E-12	1.00E-12	1.00E-12	1.00E-12
*26*37	1.00E-12	1.00E-12	1.00E-12	1.00E-12	1.00E-12	1.00E-12
*26*38	1.00E-12	1.00E-12	1.00E-12	1.00E-12	1.00E-12	1.00E-12
*27*1	4.13E-07	1.00E-12	6.09E-07	0.00012994	4.91E-07	1.79E-04
*27*2	3.10E-08	1.00E-12	4.10E-08	9.16E-06	4.92E-08	1.71E-05
*27*3	2.30E-09	1.00E-12	2.40E-09	2.00E-10	2.10E-09	1.60E-09
*27*4	1.03E-08	1.00E-12	9.90E-08	1.68E-05	4.09E-08	2.84E-06
*27*5	6.21E-08	1.00E-12	1.00E-12	2.20E-06	1.16E-07	1.04E-05
*27*6	3.17E-07	1.00E-12	1.85E-07	3.49E-05	2.33E-07	1.93E-04
*27*7	1.00E-12	1.00E-12	1.00E-12	2.00E-10	2.48E-08	8.01E-06
*27*8	1.00E-12	1.00E-12	1.00E-12	2.00E-10	1.00E-12	5.34E-10
*27*9	4.65E-08	1.00E-12	5.90E-08	6.88E-06	1.47E-08	1.18E-06
*27*10	1.00E-12	1.00E-12	1.00E-12	2.00E-10	1.00E-12	5.34E-10
*27*11	2.50E-09	1.00E-12	2.20E-09	2.00E-10	3.00E-09	3.55E-05
*27*12	1.00E-12	1.00E-12	1.00E-12	2.00E-10	1.00E-10	6.00E-10
*27*13	1.00E-12	1.00E-12	1.00E-12	2.00E-10	1.00E-12	5.34E-10
*27*14	1.00E-12	1.00E-12	2.70E-09	2.00E-10	5.10E-09	2.18E-09
*27*15	1.00E-12	1.00E-12	1.00E-10	2.00E-10	6.90E-09	7.25E-06
*27*17	7.10E-08	1.00E-12	1.00E-12	2.00E-10	1.00E-12	6.31E-06
*27*18	3.30E-08	1.00E-12	1.00E-12	2.00E-10	1.00E-12	2.89E-05
*27*19	1.00E-12	1.00E-12	1.00E-12	2.00E-10	1.00E-12	8.00E-06
*27*20	1.00E-12	1.00E-12	1.00E-12	2.00E-10	1.00E-12	8.00E-06
*27*21	1.00E-12	1.00E-12	1.00E-12	2.00E-10	1.00E-12	6.35E-06
*27*22	1.10E-08	1.00E-12	1.00E-12	2.00E-10	1.40E-08	1.55E-05
*27*23	1.00E-12	1.00E-12	1.00E-12	2.00E-08	1.00E-10	3.86E-09
*27*24	1.00E-12	1.00E-12	1.00E-12	2.00E-10	1.00E-12	5.34E-10
*27*25	1.00E-12	1.00E-12	1.00E-12	2.00E-10	1.00E-12	5.34E-10
*27*26	1.00E-12	1.00E-12	1.00E-12	2.00E-10	1.00E-12	5.34E-10
*27*27	1.00E-12	1.00E-12	1.00E-12	4.00E-08	1.00E-12	3.01E-06
*27*28	1.00E-12	1.00E-12	1.00E-12	2.00E-10	1.00E-12	3.00E-06
*27*31	1.00E-12	1.00E-12	1.00E-12	2.00E-10	1.00E-12	5.34E-10
*27*32	1.00E-12	1.00E-12	1.00E-12	2.00E-10	1.00E-12	5.34E-10
*27*33	1.00E-12	1.00E-12	1.00E-12	2.00E-10	1.00E-12	5.34E-10
*27*34	1.00E-12	1.00E-12	1.00E-12	2.00E-10	1.00E-12	5.34E-10
*27*35	1.00E-12	1.00E-12	1.00E-12	2.00E-10	1.00E-12	5.34E-10
*27*36	1.00E-12	1.00E-12	1.00E-12	2.00E-10	1.00E-12	5.34E-10
*27*37	1.00E-12	1.00E-12	1.00E-12	2.00E-10	1.00E-12	5.34E-10
*27*38	1.00E-12	1.00E-12	1.00E-12	2.00E-10	1.00E-12	5.34E-10
*28*1	4.13E-07	1.00E-12	6.09E-07	6.50E-07	4.91E-07	1.58E-04
*28*2	3.10E-08	1.00E-12	4.10E-08	4.58E-08	4.92E-08	1.55E-05
*28*3	2.30E-09	1.00E-12	2.40E-09	1.00E-12	2.10E-09	1.57E-09
*28*4	1.03E-08	1.00E-12	9.90E-08	8.42E-08	4.09E-08	5.14E-08
*28*5	6.21E-08	1.00E-12	1.00E-12	1.10E-08	1.16E-07	1.00E-05
*28*6	3.17E-07	1.00E-12	1.85E-07	1.74E-07	2.33E-07	1.88E-04
*28*7	1.00E-12	1.00E-12	1.00E-12	1.00E-12	2.48E-08	8.01E-06
*28*8	1.00E-12	1.00E-12	1.00E-12	1.00E-12	1.00E-12	5.01E-10
*28*9	4.65E-08	1.00E-12	5.90E-08	3.44E-08	1.47E-08	3.41E-08
*28*10	1.00E-12	1.00E-12	1.00E-12	1.00E-12	1.00E-12	5.01E-10
*28*11	2.50E-09	1.00E-12	2.20E-09	1.00E-12	3.00E-09	3.55E-05
*28*12	1.00E-12	1.00E-12	1.00E-12	1.00E-12	1.00E-10	5.67E-10
*28*13	1.00E-12	1.00E-12	1.00E-12	1.00E-12	1.00E-12	5.01E-10
*28*14	1.00E-12	1.00E-12	2.70E-09	1.00E-12	5.10E-09	2.14E-09
*28*15	1.00E-12	1.00E-12	1.00E-10	1.00E-12	6.90E-09	7.25E-06
*28*17	7.10E-08	1.00E-12	1.00E-12	1.00E-12	1.00E-12	6.31E-06
*28*18	3.30E-08	1.00E-12	1.00E-12	1.00E-12	1.00E-12	2.89E-05
*28*19	1.00E-12	1.00E-12	1.00E-12	1.00E-12	1.00E-12	8.00E-06
*28*20	1.00E-12	1.00E-12	1.00E-12	1.00E-12	1.00E-12	8.00E-06
*28*21	1.00E-12	1.00E-12	1.00E-12	1.00E-12	1.00E-12	6.35E-06
*28*22	1.10E-08	1.00E-12	1.00E-12	1.00E-12	1.40E-08	1.55E-05
*28*23	1.00E-12	1.00E-12	1.00E-12	1.00E-10	1.00E-10	5.42E-10
*28*24	1.00E-12	1.00E-12	1.00E-12	1.00E-12	1.00E-12	5.01E-10
*28*25	1.00E-12	1.00E-12	1.00E-12	1.00E-12	1.00E-12	5.01E-10
*28*26	1.00E-12	1.00E-12	1.00E-12	1.00E-12	1.00E-12	5.01E-10
*28*27	1.00E-12	1.00E-12	1.00E-12	2.00E-10	1.00E-12	3.00E-06
*28*28	1.00E-12	1.00E-12	1.00E-12	1.00E-12	1.00E-12	3.00E-06
*28*31	1.00E-12	1.00E-12	1.00E-12	1.00E-12	1.00E-12	5.01E-10
*28*32	1.00E-12	1.00E-12	1.00E-12	1.00E-12	1.00E-12	5.01E-10
*28*33	1.00E-12	1.00E-12	1.00E-12	1.00E-12	1.00E-12	5.01E-10
*28*34	1.00E-12	1.00E-12	1.00E-12	1.00E-12	1.00E-12	5.01E-10
*28*35	1.00E-12	1.00E-12	1.00E-12	1.00E-12	1.00E-12	5.01E-10
*28*36	1.00E-12	1.00E-12	1.00E-12	1.00E-12	1.00E-12	5.01E-10
*28*37	1.00E-12	1.00E-12	1.00E-12	1.00E-12	1.00E-12	5.01E-10
*28*38	1.00E-12	1.00E-12	1.00E-12	1.00E-12	1.00E-12	5.01E-10
*31*1	4.13E-07	1.00E-12	6.09E-07	6.50E-07	4.91E-07	4.52E-07
*31*2	3.10E-08	1.00E-12	4.10E-08	4.58E-08	4.92E-08	3.54E-08
*31*3	2.30E-09	1.00E-12	2.40E-09	1.00E-12	2.10E-09	1.07E-09
*31*4	1.03E-08	1.00E-12	9.90E-08	8.42E-08	4.09E-08	5.09E-08
*31*5	6.21E-08	1.00E-12	1.00E-12	1.10E-08	1.16E-07	4.44E-08
*31*6	3.17E-07	1.00E-12	1.85E-07	1.74E-07	2.33E-07	2.49E-07
*31*7	1.00E-12	1.00E-12	1.00E-12	1.00E-12	2.48E-08	1.10E-08
*31*8	1.00E-12	1.00E-12	1.00E-12	1.00E-12	1.00E-12	1.00E-12
*31*9	4.65E-08	1.00E-12	5.90E-08	3.44E-08	1.47E-08	3.36E-08
*31*10	1.00E-12	1.00E-12	1.00E-12	1.00E-12	1.00E-12	1.00E-12
*31*11	2.50E-09	1.00E-12	2.20E-09	1.00E-12	3.00E-09	7.19E-09
*31*12	1.00E-12	1.00E-12	1.00E-12	1.00E-12	1.00E-10	6.73E-11
*31*13	1.00E-12	1.00E-12	1.00E-12	1.00E-12	1.00E-12	1.00E-12
*31*14	1.00E-12	1.00E-12	2.70E-09	1.00E-12	5.10E-09	1.64E-09
*31*15	1.00E-12	1.00E-12	1.00E-10	1.00E-12	6.90E-09	3.08E-09
*31*17	7.10E-08	1.00E-12	1.00E-12	1.00E-12	1.00E-12	6.97E-09
*31*18	3.30E-08	1.00E-12	1.00E-12	1.00E-12	1.00E-12	8.78E-09
*31*19	1.00E-12	1.00E-12	1.00E-12	1.00E-12	1.00E-12	1.33E-09
*31*20	1.00E-12	1.00E-12	1.00E-12	1.00E-12	1.00E-12	1.33E-09
*31*21	1.00E-12	1.00E-12	1.00E-12	1.00E-12	1.00E-12	1.06E-09
*31*22	1.10E-08	1.00E-12	1.00E-12	1.00E-12	1.40E-08	7.00E-09
*31*23	1.00E-12	1.00E-12	1.00E-12	1.00E-10	1.00E-10	4.23E-11
*31*24	1.00E-12	1.00E-12	1.00E-12	1.00E-12	1.00E-12	1.00E-12
*31*25	1.00E-12	1.00E-12	1.00E-12	1.00E-12	1.00E-12	1.00E-12
*31*26	1.00E-12	1.00E-12	1.00E-12	1.00E-12	1.00E-12	1.00E-12
*31*27	1.00E-12	1.00E-12	1.00E-12	2.00E-10	1.00E-12	5.34E-10
*31*28	1.00E-12	1.00E-12	1.00E-12	1.00E-12	1.00E-12	5.01E-10
*31*31	1.00E-12	1.00E-12	1.00E-12	1.00E-12	1.00E-12	1.00E-12
*31*32	1.00E-12	1.00E-12	1.00E-12	1.00E-12	1.00E-12	1.00E-12
*31*33	1.00E-12	1.00E-12	1.00E-12	1.00E-12	1.00E-12	1.00E-12
*31*34	1.00E-12	1.00E-12	1.00E-12	1.00E-12	1.00E-12	1.00E-12
*31*35	1.00E-12	1.00E-12	1.00E-12	1.00E-12	1.00E-12	1.00E-12
*31*36	1.00E-12	1.00E-12	1.00E-12	1.00E-12	1.00E-12	1.00E-12
*31*37	1.00E-12	1.00E-12	1.00E-12	1.00E-12	1.00E-12	1.00E-12
*31*38	1.00E-12	1.00E-12	1.00E-12	1.00E-12	1.00E-12	1.00E-12
*32*1	4.13E-07	1.00E-12	6.09E-07	6.50E-07	4.91E-07	4.52E-07
*32*2	3.10E-08	1.00E-12	4.10E-08	4.58E-08	4.92E-08	3.54E-08
*32*3	2.30E-09	1.00E-12	2.40E-09	1.00E-12	2.10E-09	1.07E-09
*32*4	1.03E-08	1.00E-12	9.90E-08	8.42E-08	4.09E-08	5.09E-08
*32*5	6.21E-08	1.00E-12	1.00E-12	1.10E-08	1.16E-07	4.44E-08
*32*6	3.17E-07	1.00E-12	1.85E-07	1.74E-07	2.33E-07	2.49E-07
*32*7	1.00E-12	1.00E-12	1.00E-12	1.00E-12	2.48E-08	1.10E-08
*32*8	1.00E-12	1.00E-12	1.00E-12	1.00E-12	1.00E-12	1.00E-12
*32*9	4.65E-08	1.00E-12	5.90E-08	3.44E-08	1.47E-08	3.36E-08
*32*10	1.00E-12	1.00E-12	1.00E-12	1.00E-12	1.00E-12	1.00E-12
*32*11	2.50E-09	1.00E-12	2.20E-09	1.00E-12	3.00E-09	7.19E-09
*32*12	1.00E-12	1.00E-12	1.00E-12	1.00E-12	1.00E-10	6.73E-11
*32*13	1.00E-12	1.00E-12	1.00E-12	1.00E-12	1.00E-12	1.00E-12
*32*14	1.00E-12	1.00E-12	2.70E-09	1.00E-12	5.10E-09	1.64E-09
*32*15	1.00E-12	1.00E-12	1.00E-10	1.00E-12	6.90E-09	3.08E-09
*32*17	7.10E-08	1.00E-12	1.00E-12	1.00E-12	1.00E-12	6.97E-09
*32*18	3.30E-08	1.00E-12	1.00E-12	1.00E-12	1.00E-12	8.78E-09
*32*19	1.00E-12	1.00E-12	1.00E-12	1.00E-12	1.00E-12	1.33E-09
*32*20	1.00E-12	1.00E-12	1.00E-12	1.00E-12	1.00E-12	1.33E-09
*32*21	1.00E-12	1.00E-12	1.00E-12	1.00E-12	1.00E-12	1.06E-09
*32*22	1.10E-08	1.00E-12	1.00E-12	1.00E-12	1.40E-08	7.00E-09
*32*23	1.00E-12	1.00E-12	1.00E-12	1.00E-10	1.00E-10	4.23E-11
*32*24	1.00E-12	1.00E-12	1.00E-12	1.00E-12	1.00E-12	1.00E-12
*32*25	1.00E-12	1.00E-12	1.00E-12	1.00E-12	1.00E-12	1.00E-12
*32*26	1.00E-12	1.00E-12	1.00E-12	1.00E-12	1.00E-12	1.00E-12
*32*27	1.00E-12	1.00E-12	1.00E-12	2.00E-10	1.00E-12	5.34E-10
*32*28	1.00E-12	1.00E-12	1.00E-12	1.00E-12	1.00E-12	5.01E-10
*32*31	1.00E-12	1.00E-12	1.00E-12	1.00E-12	1.00E-12	1.00E-12
*32*32	1.00E-12	1.00E-12	1.00E-12	1.00E-12	1.00E-12	1.00E-12
*32*33	1.00E-12	1.00E-12	1.00E-12	1.00E-12	1.00E-12	1.00E-12
*32*34	1.00E-12	1.00E-12	1.00E-12	1.00E-12	1.00E-12	1.00E-12
*32*35	1.00E-12	1.00E-12	1.00E-12	1.00E-12	1.00E-12	1.00E-12
*32*36	1.00E-12	1.00E-12	1.00E-12	1.00E-12	1.00E-12	1.00E-12
*32*37	1.00E-12	1.00E-12	1.00E-12	1.00E-12	1.00E-12	1.00E-12
*32*38	1.00E-12	1.00E-12	1.00E-12	1.00E-12	1.00E-12	1.00E-12
*33*1	4.13E-07	1.00E-12	6.09E-07	6.50E-07	4.91E-07	4.52E-07
*33*2	3.10E-08	1.00E-12	4.10E-08	4.58E-08	4.92E-08	3.54E-08
*33*3	2.30E-09	1.00E-12	2.40E-09	1.00E-12	2.10E-09	1.07E-09
*33*4	1.03E-08	1.00E-12	9.90E-08	8.42E-08	4.09E-08	5.09E-08
*33*5	6.21E-08	1.00E-12	1.00E-12	1.10E-08	1.16E-07	4.44E-08
*33*6	3.17E-07	1.00E-12	1.85E-07	1.74E-07	2.33E-07	2.49E-07
*33*7	1.00E-12	1.00E-12	1.00E-12	1.00E-12	2.48E-08	1.10E-08
*33*8	1.00E-12	1.00E-12	1.00E-12	1.00E-12	1.00E-12	1.00E-12
*33*9	4.65E-08	1.00E-12	5.90E-08	3.44E-08	1.47E-08	3.36E-08
*33*10	1.00E-12	1.00E-12	1.00E-12	1.00E-12	1.00E-12	1.00E-12
*33*11	2.50E-09	1.00E-12	2.20E-09	1.00E-12	3.00E-09	7.19E-09
*33*12	1.00E-12	1.00E-12	1.00E-12	1.00E-12	1.00E-10	6.73E-11
*33*13	1.00E-12	1.00E-12	1.00E-12	1.00E-12	1.00E-12	1.00E-12
*33*14	1.00E-12	1.00E-12	2.70E-09	1.00E-12	5.10E-09	1.64E-09
*33*15	1.00E-12	1.00E-12	1.00E-10	1.00E-12	6.90E-09	3.08E-09
*33*17	7.10E-08	1.00E-12	1.00E-12	1.00E-12	1.00E-12	6.97E-09
*33*18	3.30E-08	1.00E-12	1.00E-12	1.00E-12	1.00E-12	8.78E-09
*33*19	1.00E-12	1.00E-12	1.00E-12	1.00E-12	1.00E-12	1.33E-09
*33*20	1.00E-12	1.00E-12	1.00E-12	1.00E-12	1.00E-12	1.33E-09
*33*21	1.00E-12	1.00E-12	1.00E-12	1.00E-12	1.00E-12	1.06E-09
*33*22	1.10E-08	1.00E-12	1.00E-12	1.00E-12	1.40E-08	7.00E-09
*33*23	1.00E-12	1.00E-12	1.00E-12	1.00E-10	1.00E-10	4.23E-11
*33*24	1.00E-12	1.00E-12	1.00E-12	1.00E-12	1.00E-12	1.00E-12
*33*25	1.00E-12	1.00E-12	1.00E-12	1.00E-12	1.00E-12	1.00E-12
*33*26	1.00E-12	1.00E-12	1.00E-12	1.00E-12	1.00E-12	1.00E-12
*33*27	1.00E-12	1.00E-12	1.00E-12	2.00E-10	1.00E-12	5.34E-10
*33*28	1.00E-12	1.00E-12	1.00E-12	1.00E-12	1.00E-12	5.01E-10
*33*31	1.00E-12	1.00E-12	1.00E-12	1.00E-12	1.00E-12	1.00E-12
*33*32	1.00E-12	1.00E-12	1.00E-12	1.00E-12	1.00E-12	1.00E-12
*33*33	1.00E-12	1.00E-12	1.00E-12	1.00E-12	1.00E-12	1.00E-12
*33*34	1.00E-12	1.00E-12	1.00E-12	1.00E-12	1.00E-12	1.00E-12
*33*35	1.00E-12	1.00E-12	1.00E-12	1.00E-12	1.00E-12	1.00E-12
*33*36	1.00E-12	1.00E-12	1.00E-12	1.00E-12	1.00E-12	1.00E-12
*33*37	1.00E-12	1.00E-12	1.00E-12	1.00E-12	1.00E-12	1.00E-12
*33*38	1.00E-12	1.00E-12	1.00E-12	1.00E-12	1.00E-12	1.00E-12
*34*1	4.13E-07	1.00E-12	6.09E-07	6.50E-07	4.91E-07	4.52E-07
*34*2	3.10E-08	1.00E-12	4.10E-08	4.58E-08	4.92E-08	3.54E-08
*34*3	2.30E-09	1.00E-12	2.40E-09	1.00E-12	2.10E-09	1.07E-09
*34*4	1.03E-08	1.00E-12	9.90E-08	8.42E-08	4.09E-08	5.09E-08
*34*5	6.21E-08	1.00E-12	1.00E-12	1.10E-08	1.16E-07	4.44E-08
*34*6	3.17E-07	1.00E-12	1.85E-07	1.74E-07	2.33E-07	2.49E-07
*34*7	1.00E-12	1.00E-12	1.00E-12	1.00E-12	2.48E-08	1.10E-08
*34*8	1.00E-12	1.00E-12	1.00E-12	1.00E-12	1.00E-12	1.00E-12
*34*9	4.65E-08	1.00E-12	5.90E-08	3.44E-08	1.47E-08	3.36E-08
*34*10	1.00E-12	1.00E-12	1.00E-12	1.00E-12	1.00E-12	1.00E-12
*34*11	2.50E-09	1.00E-12	2.20E-09	1.00E-12	3.00E-09	7.19E-09
*34*12	1.00E-12	1.00E-12	1.00E-12	1.00E-12	1.00E-10	6.73E-11
*34*13	1.00E-12	1.00E-12	1.00E-12	1.00E-12	1.00E-12	1.00E-12
*34*14	1.00E-12	1.00E-12	2.70E-09	1.00E-12	5.10E-09	1.64E-09
*34*15	1.00E-12	1.00E-12	1.00E-10	1.00E-12	6.90E-09	3.08E-09
*34*17	7.10E-08	1.00E-12	1.00E-12	1.00E-12	1.00E-12	6.97E-09
*34*18	3.30E-08	1.00E-12	1.00E-12	1.00E-12	1.00E-12	8.78E-09
*34*19	1.00E-12	1.00E-12	1.00E-12	1.00E-12	1.00E-12	1.33E-09
*34*20	1.00E-12	1.00E-12	1.00E-12	1.00E-12	1.00E-12	1.33E-09
*34*21	1.00E-12	1.00E-12	1.00E-12	1.00E-12	1.00E-12	1.06E-09
*34*22	1.10E-08	1.00E-12	1.00E-12	1.00E-12	1.40E-08	7.00E-09
*34*23	1.00E-12	1.00E-12	1.00E-12	1.00E-10	1.00E-10	4.23E-11
*34*24	1.00E-12	1.00E-12	1.00E-12	1.00E-12	1.00E-12	1.00E-12
*34*25	1.00E-12	1.00E-12	1.00E-12	1.00E-12	1.00E-12	1.00E-12
*34*26	1.00E-12	1.00E-12	1.00E-12	1.00E-12	1.00E-12	1.00E-12
*34*27	1.00E-12	1.00E-12	1.00E-12	2.00E-10	1.00E-12	5.34E-10
*34*28	1.00E-12	1.00E-12	1.00E-12	1.00E-12	1.00E-12	5.01E-10
*34*31	1.00E-12	1.00E-12	1.00E-12	1.00E-12	1.00E-12	1.00E-12
*34*32	1.00E-12	1.00E-12	1.00E-12	1.00E-12	1.00E-12	1.00E-12
*34*33	1.00E-12	1.00E-12	1.00E-12	1.00E-12	1.00E-12	1.00E-12
*34*34	1.00E-12	1.00E-12	1.00E-12	1.00E-12	1.00E-12	1.00E-12
*34*35	1.00E-12	1.00E-12	1.00E-12	1.00E-12	1.00E-12	1.00E-12
*34*36	1.00E-12	1.00E-12	1.00E-12	1.00E-12	1.00E-12	1.00E-12
*34*37	1.00E-12	1.00E-12	1.00E-12	1.00E-12	1.00E-12	1.00E-12
*34*38	1.00E-12	1.00E-12	1.00E-12	1.00E-12	1.00E-12	1.00E-12
*35*1	4.13E-07	1.00E-12	6.09E-07	6.50E-07	4.91E-07	4.52E-07
*35*2	3.10E-08	1.00E-12	4.10E-08	4.58E-08	4.92E-08	3.54E-08
*35*3	2.30E-09	1.00E-12	2.40E-09	1.00E-12	2.10E-09	1.07E-09
*35*4	1.03E-08	1.00E-12	9.90E-08	8.42E-08	4.09E-08	5.09E-08
*35*5	6.21E-08	1.00E-12	1.00E-12	1.10E-08	1.16E-07	4.44E-08
*35*6	3.17E-07	1.00E-12	1.85E-07	1.74E-07	2.33E-07	2.49E-07
*35*7	1.00E-12	1.00E-12	1.00E-12	1.00E-12	2.48E-08	1.10E-08
*35*8	1.00E-12	1.00E-12	1.00E-12	1.00E-12	1.00E-12	1.00E-12
*35*9	4.65E-08	1.00E-12	5.90E-08	3.44E-08	1.47E-08	3.36E-08
*35*10	1.00E-12	1.00E-12	1.00E-12	1.00E-12	1.00E-12	1.00E-12
*35*11	2.50E-09	1.00E-12	2.20E-09	1.00E-12	3.00E-09	7.19E-09
*35*12	1.00E-12	1.00E-12	1.00E-12	1.00E-12	1.00E-10	6.73E-11
*35*13	1.00E-12	1.00E-12	1.00E-12	1.00E-12	1.00E-12	1.00E-12
*35*14	1.00E-12	1.00E-12	2.70E-09	1.00E-12	5.10E-09	1.64E-09
*35*15	1.00E-12	1.00E-12	1.00E-10	1.00E-12	6.90E-09	3.08E-09
*35*17	7.10E-08	1.00E-12	1.00E-12	1.00E-12	1.00E-12	6.97E-09
*35*18	3.30E-08	1.00E-12	1.00E-12	1.00E-12	1.00E-12	8.78E-09
*35*19	1.00E-12	1.00E-12	1.00E-12	1.00E-12	1.00E-12	1.33E-09
*35*20	1.00E-12	1.00E-12	1.00E-12	1.00E-12	1.00E-12	1.33E-09
*35*21	1.00E-12	1.00E-12	1.00E-12	1.00E-12	1.00E-12	1.06E-09
*35*22	1.10E-08	1.00E-12	1.00E-12	1.00E-12	1.40E-08	7.00E-09
*35*23	1.00E-12	1.00E-12	1.00E-12	1.00E-10	1.00E-10	4.23E-11
*35*24	1.00E-12	1.00E-12	1.00E-12	1.00E-12	1.00E-12	1.00E-12
*35*25	1.00E-12	1.00E-12	1.00E-12	1.00E-12	1.00E-12	1.00E-12
*35*26	1.00E-12	1.00E-12	1.00E-12	1.00E-12	1.00E-12	1.00E-12
*35*27	1.00E-12	1.00E-12	1.00E-12	2.00E-10	1.00E-12	5.34E-10
*35*28	1.00E-12	1.00E-12	1.00E-12	1.00E-12	1.00E-12	5.01E-10
*35*31	1.00E-12	1.00E-12	1.00E-12	1.00E-12	1.00E-12	1.00E-12
*35*32	1.00E-12	1.00E-12	1.00E-12	1.00E-12	1.00E-12	1.00E-12
*35*33	1.00E-12	1.00E-12	1.00E-12	1.00E-12	1.00E-12	1.00E-12
*35*34	1.00E-12	1.00E-12	1.00E-12	1.00E-12	1.00E-12	1.00E-12
*35*35	1.00E-12	1.00E-12	1.00E-12	1.00E-12	1.00E-12	1.00E-12
*35*36	1.00E-12	1.00E-12	1.00E-12	1.00E-12	1.00E-12	1.00E-12
*35*37	1.00E-12	1.00E-12	1.00E-12	1.00E-12	1.00E-12	1.00E-12
*35*38	1.00E-12	1.00E-12	1.00E-12	1.00E-12	1.00E-12	1.00E-12
*36*1	4.13E-07	1.00E-12	6.09E-07	6.50E-07	4.91E-07	4.52E-07
*36*2	3.10E-08	1.00E-12	4.10E-08	4.58E-08	4.92E-08	3.54E-08
*36*3	2.30E-09	1.00E-12	2.40E-09	1.00E-12	2.10E-09	1.07E-09
*36*4	1.03E-08	1.00E-12	9.90E-08	8.42E-08	4.09E-08	5.09E-08
*36*5	6.21E-08	1.00E-12	1.00E-12	1.10E-08	1.16E-07	4.44E-08
*36*6	3.17E-07	1.00E-12	1.85E-07	1.74E-07	2.33E-07	2.49E-07
*36*7	1.00E-12	1.00E-12	1.00E-12	1.00E-12	2.48E-08	1.10E-08
*36*8	1.00E-12	1.00E-12	1.00E-12	1.00E-12	1.00E-12	1.00E-12
*36*9	4.65E-08	1.00E-12	5.90E-08	3.44E-08	1.47E-08	3.36E-08
*36*10	1.00E-12	1.00E-12	1.00E-12	1.00E-12	1.00E-12	1.00E-12
*36*11	2.50E-09	1.00E-12	2.20E-09	1.00E-12	3.00E-09	7.19E-09
*36*12	1.00E-12	1.00E-12	1.00E-12	1.00E-12	1.00E-10	6.73E-11
*36*13	1.00E-12	1.00E-12	1.00E-12	1.00E-12	1.00E-12	1.00E-12
*36*14	1.00E-12	1.00E-12	2.70E-09	1.00E-12	5.10E-09	1.64E-09
*36*15	1.00E-12	1.00E-12	1.00E-10	1.00E-12	6.90E-09	3.08E-09
*36*17	7.10E-08	1.00E-12	1.00E-12	1.00E-12	1.00E-12	6.97E-09
*36*18	3.30E-08	1.00E-12	1.00E-12	1.00E-12	1.00E-12	8.78E-09
*36*19	1.00E-12	1.00E-12	1.00E-12	1.00E-12	1.00E-12	1.33E-09
*36*20	1.00E-12	1.00E-12	1.00E-12	1.00E-12	1.00E-12	1.33E-09
*36*21	1.00E-12	1.00E-12	1.00E-12	1.00E-12	1.00E-12	1.06E-09
*36*22	1.10E-08	1.00E-12	1.00E-12	1.00E-12	1.40E-08	7.00E-09
*36*23	1.00E-12	1.00E-12	1.00E-12	1.00E-10	1.00E-10	4.23E-11
*36*24	1.00E-12	1.00E-12	1.00E-12	1.00E-12	1.00E-12	1.00E-12
*36*25	1.00E-12	1.00E-12	1.00E-12	1.00E-12	1.00E-12	1.00E-12
*36*26	1.00E-12	1.00E-12	1.00E-12	1.00E-12	1.00E-12	1.00E-12
*36*27	1.00E-12	1.00E-12	1.00E-12	2.00E-10	1.00E-12	5.34E-10
*36*28	1.00E-12	1.00E-12	1.00E-12	1.00E-12	1.00E-12	5.01E-10
*36*31	1.00E-12	1.00E-12	1.00E-12	1.00E-12	1.00E-12	1.00E-12
*36*32	1.00E-12	1.00E-12	1.00E-12	1.00E-12	1.00E-12	1.00E-12
*36*33	1.00E-12	1.00E-12	1.00E-12	1.00E-12	1.00E-12	1.00E-12
*36*34	1.00E-12	1.00E-12	1.00E-12	1.00E-12	1.00E-12	1.00E-12
*36*35	1.00E-12	1.00E-12	1.00E-12	1.00E-12	1.00E-12	1.00E-12
*36*36	1.00E-12	1.00E-12	1.00E-12	1.00E-12	1.00E-12	1.00E-12
*36*37	1.00E-12	1.00E-12	1.00E-12	1.00E-12	1.00E-12	1.00E-12
*36*38	1.00E-12	1.00E-12	1.00E-12	1.00E-12	1.00E-12	1.00E-12
*37*1	4.13E-07	1.00E-12	6.09E-07	6.50E-07	4.91E-07	4.52E-07
*37*2	3.10E-08	1.00E-12	4.10E-08	4.58E-08	4.92E-08	3.54E-08
*37*3	2.30E-09	1.00E-12	2.40E-09	1.00E-12	2.10E-09	1.07E-09
*37*4	1.03E-08	1.00E-12	9.90E-08	8.42E-08	4.09E-08	5.09E-08
*37*5	6.21E-08	1.00E-12	1.00E-12	1.10E-08	1.16E-07	4.44E-08
*37*6	3.17E-07	1.00E-12	1.85E-07	1.74E-07	2.33E-07	2.49E-07
*37*7	1.00E-12	1.00E-12	1.00E-12	1.00E-12	2.48E-08	1.10E-08
*37*8	1.00E-12	1.00E-12	1.00E-12	1.00E-12	1.00E-12	1.00E-12
*37*9	4.65E-08	1.00E-12	5.90E-08	3.44E-08	1.47E-08	3.36E-08
*37*10	1.00E-12	1.00E-12	1.00E-12	1.00E-12	1.00E-12	1.00E-12
*37*11	2.50E-09	1.00E-12	2.20E-09	1.00E-12	3.00E-09	7.19E-09
*37*12	1.00E-12	1.00E-12	1.00E-12	1.00E-12	1.00E-10	6.73E-11
*37*13	1.00E-12	1.00E-12	1.00E-12	1.00E-12	1.00E-12	1.00E-12
*37*14	1.00E-12	1.00E-12	2.70E-09	1.00E-12	5.10E-09	1.64E-09
*37*15	1.00E-12	1.00E-12	1.00E-10	1.00E-12	6.90E-09	3.08E-09
*37*17	7.10E-08	1.00E-12	1.00E-12	1.00E-12	1.00E-12	6.97E-09
*37*18	3.30E-08	1.00E-12	1.00E-12	1.00E-12	1.00E-12	8.78E-09
*37*19	1.00E-12	1.00E-12	1.00E-12	1.00E-12	1.00E-12	1.33E-09
*37*20	1.00E-12	1.00E-12	1.00E-12	1.00E-12	1.00E-12	1.33E-09
*37*21	1.00E-12	1.00E-12	1.00E-12	1.00E-12	1.00E-12	1.06E-09
*37*22	1.10E-08	1.00E-12	1.00E-12	1.00E-12	1.40E-08	7.00E-09
*37*23	1.00E-12	1.00E-12	1.00E-12	1.00E-10	1.00E-10	4.23E-11
*37*24	1.00E-12	1.00E-12	1.00E-12	1.00E-12	1.00E-12	1.00E-12
*37*25	1.00E-12	1.00E-12	1.00E-12	1.00E-12	1.00E-12	1.00E-12
*37*26	1.00E-12	1.00E-12	1.00E-12	1.00E-12	1.00E-12	1.00E-12
*37*27	1.00E-12	1.00E-12	1.00E-12	2.00E-10	1.00E-12	5.34E-10
*37*28	1.00E-12	1.00E-12	1.00E-12	1.00E-12	1.00E-12	5.01E-10
*37*31	1.00E-12	1.00E-12	1.00E-12	1.00E-12	1.00E-12	1.00E-12
*37*32	1.00E-12	1.00E-12	1.00E-12	1.00E-12	1.00E-12	1.00E-12
*37*33	1.00E-12	1.00E-12	1.00E-12	1.00E-12	1.00E-12	1.00E-12
*37*34	1.00E-12	1.00E-12	1.00E-12	1.00E-12	1.00E-12	1.00E-12
*37*35	1.00E-12	1.00E-12	1.00E-12	1.00E-12	1.00E-12	1.00E-12
*37*36	1.00E-12	1.00E-12	1.00E-12	1.00E-12	1.00E-12	1.00E-12
*37*37	1.00E-12	1.00E-12	1.00E-12	1.00E-12	1.00E-12	1.00E-12
*37*38	1.00E-12	1.00E-12	1.00E-12	1.00E-12	1.00E-12	1.00E-12
*38*1	4.13E-07	1.00E-12	6.09E-07	6.50E-07	4.91E-07	4.52E-07
*38*2	3.10E-08	1.00E-12	4.10E-08	4.58E-08	4.92E-08	3.54E-08
*38*3	2.30E-09	1.00E-12	2.40E-09	1.00E-12	2.10E-09	1.07E-09
*38*4	1.03E-08	1.00E-12	9.90E-08	8.42E-08	4.09E-08	5.09E-08
*38*5	6.21E-08	1.00E-12	1.00E-12	1.10E-08	1.16E-07	4.44E-08
*38*6	3.17E-07	1.00E-12	1.85E-07	1.74E-07	2.33E-07	2.49E-07
*38*7	1.00E-12	1.00E-12	1.00E-12	1.00E-12	2.48E-08	1.10E-08
*38*8	1.00E-12	1.00E-12	1.00E-12	1.00E-12	1.00E-12	1.00E-12
*38*9	4.65E-08	1.00E-12	5.90E-08	3.44E-08	1.47E-08	3.36E-08
*38*10	1.00E-12	1.00E-12	1.00E-12	1.00E-12	1.00E-12	1.00E-12
*38*11	2.50E-09	1.00E-12	2.20E-09	1.00E-12	3.00E-09	7.19E-09
*38*12	1.00E-12	1.00E-12	1.00E-12	1.00E-12	1.00E-10	6.73E-11
*38*13	1.00E-12	1.00E-12	1.00E-12	1.00E-12	1.00E-12	1.00E-12
*38*14	1.00E-12	1.00E-12	2.70E-09	1.00E-12	5.10E-09	1.64E-09
*38*15	1.00E-12	1.00E-12	1.00E-10	1.00E-12	6.90E-09	3.08E-09
*38*17	7.10E-08	1.00E-12	1.00E-12	1.00E-12	1.00E-12	6.97E-09
*38*18	3.30E-08	1.00E-12	1.00E-12	1.00E-12	1.00E-12	8.78E-09
*38*19	1.00E-12	1.00E-12	1.00E-12	1.00E-12	1.00E-12	1.33E-09
*38*20	1.00E-12	1.00E-12	1.00E-12	1.00E-12	1.00E-12	1.33E-09
*38*21	1.00E-12	1.00E-12	1.00E-12	1.00E-12	1.00E-12	1.06E-09
*38*22	1.10E-08	1.00E-12	1.00E-12	1.00E-12	1.40E-08	7.00E-09
*38*23	1.00E-12	1.00E-12	1.00E-12	1.00E-10	1.00E-10	4.23E-11
*38*24	1.00E-12	1.00E-12	1.00E-12	1.00E-12	1.00E-12	1.00E-12
*38*25	1.00E-12	1.00E-12	1.00E-12	1.00E-12	1.00E-12	1.00E-12
*38*26	1.00E-12	1.00E-12	1.00E-12	1.00E-12	1.00E-12	1.00E-12
*38*27	1.00E-12	1.00E-12	1.00E-12	2.00E-10	1.00E-12	5.34E-10
*38*28	1.00E-12	1.00E-12	1.00E-12	1.00E-12	1.00E-12	5.01E-10
*38*31	1.00E-12	1.00E-12	1.00E-12	1.00E-12	1.00E-12	1.00E-12
*38*32	1.00E-12	1.00E-12	1.00E-12	1.00E-12	1.00E-12	1.00E-12
*38*33	1.00E-12	1.00E-12	1.00E-12	1.00E-12	1.00E-12	1.00E-12
*38*34	1.00E-12	1.00E-12	1.00E-12	1.00E-12	1.00E-12	1.00E-12
*38*35	1.00E-12	1.00E-12	1.00E-12	1.00E-12	1.00E-12	1.00E-12
*38*36	1.00E-12	1.00E-12	1.00E-12	1.00E-12	1.00E-12	1.00E-12
*38*37	1.00E-12	1.00E-12	1.00E-12	1.00E-12	1.00E-12	1.00E-12
*38*38	1.00E-12	1.00E-12	1.00E-12	1.00E-12	1.00E-12	1.00E-12
