CYP3A5_allelec	AFR	AMR	SAS	EAS	NFE	ALL
*1*1	0.20511841	1.00E-12	0.10673289	0.06431296	0.00549081	6.10E-02
*1*2	4.53E-07	1.00E-12	3.27E-07	2.54E-07	7.41E-08	1.90E-07
*1*3	0.1431164	1.00E-12	0.21996711	0.18913488	0.06849804	1.08E-01
*1*4	4.53E-07	1.00E-12	3.27E-07	2.54E-07	7.41E-08	1.90E-07
*1*5	4.53E-07	1.00E-12	3.27E-07	2.54E-07	7.41E-08	1.90E-07
*1*6	0.05036248	1.00E-12	3.27E-07	0.00017752	0.00011115	1.29E-02
*1*7	0.054348	1.00E-12	3.27E-07	2.54E-07	7.41E-08	8.38E-03
*1*8	4.53E-07	1.00E-12	3.27E-07	2.54E-07	7.41E-08	1.90E-07
*1*9	4.53E-07	1.00E-12	3.27E-07	2.54E-07	7.41E-08	1.90E-07
*2*1	4.53E-07	1.00E-12	3.27E-07	2.54E-07	7.41E-08	1.90E-07
*2*2	1.00E-12	1.00E-12	1.00E-12	1.00E-12	1.00E-12	1.00E-12
*2*3	3.16E-07	1.00E-12	6.73E-07	7.46E-07	9.24E-07	5.91E-07
*2*4	1.00E-12	1.00E-12	1.00E-12	1.00E-12	1.00E-12	1.00E-12
*2*5	1.00E-12	1.00E-12	1.00E-12	1.00E-12	1.00E-12	1.00E-12
*2*6	1.11E-07	1.00E-12	1.00E-12	7.00E-10	1.50E-09	3.21E-08
*2*7	1.20E-07	1.00E-12	1.00E-12	1.00E-12	1.00E-12	1.96E-08
*2*8	1.00E-12	1.00E-12	1.00E-12	1.00E-12	1.00E-12	1.00E-12
*2*9	1.00E-12	1.00E-12	1.00E-12	1.00E-12	1.00E-12	1.00E-12
*3*1	0.1431164	1.00E-12	0.21996711	0.18913488	0.06849804	1.08E-01
*3*2	3.16E-07	1.00E-12	6.73E-07	7.46E-07	9.24E-07	5.91E-07
*3*3	0.099856	1.00E-12	0.45333289	0.55621764	0.85451536	4.64E-01
*3*4	3.16E-07	1.00E-12	6.73E-07	7.46E-07	9.24E-07	5.91E-07
*3*5	3.16E-07	1.00E-12	6.73E-07	7.46E-07	9.24E-07	5.91E-07
*3*6	0.0351392	1.00E-12	6.73E-07	0.00052206	0.0013866	1.23E-02
*3*7	0.03792	1.00E-12	6.73E-07	7.46E-07	9.24E-07	6.76E-03
*3*8	3.16E-07	1.00E-12	6.73E-07	7.46E-07	9.24E-07	5.91E-07
*3*9	3.16E-07	1.00E-12	6.73E-07	7.46E-07	9.24E-07	5.91E-07
*4*1	4.53E-07	1.00E-12	3.27E-07	2.54E-07	7.41E-08	1.90E-07
*4*2	1.00E-12	1.00E-12	1.00E-12	1.00E-12	1.00E-12	1.00E-12
*4*3	3.16E-07	1.00E-12	6.73E-07	7.46E-07	9.24E-07	5.91E-07
*4*4	1.00E-12	1.00E-12	1.00E-12	1.00E-12	1.00E-12	1.00E-12
*4*5	1.00E-12	1.00E-12	1.00E-12	1.00E-12	1.00E-12	1.00E-12
*4*6	1.11E-07	1.00E-12	1.00E-12	7.00E-10	1.50E-09	3.21E-08
*4*7	1.20E-07	1.00E-12	1.00E-12	1.00E-12	1.00E-12	1.96E-08
*4*8	1.00E-12	1.00E-12	1.00E-12	1.00E-12	1.00E-12	1.00E-12
*4*9	1.00E-12	1.00E-12	1.00E-12	1.00E-12	1.00E-12	1.00E-12
*5*1	4.53E-07	1.00E-12	3.27E-07	2.54E-07	7.41E-08	1.90E-07
*5*2	1.00E-12	1.00E-12	1.00E-12	1.00E-12	1.00E-12	1.00E-12
*5*3	3.16E-07	1.00E-12	6.73E-07	7.46E-07	9.24E-07	5.91E-07
*5*4	1.00E-12	1.00E-12	1.00E-12	1.00E-12	1.00E-12	1.00E-12
*5*5	1.00E-12	1.00E-12	1.00E-12	1.00E-12	1.00E-12	1.00E-12
*5*6	1.11E-07	1.00E-12	1.00E-12	7.00E-10	1.50E-09	3.21E-08
*5*7	1.20E-07	1.00E-12	1.00E-12	1.00E-12	1.00E-12	1.96E-08
*5*8	1.00E-12	1.00E-12	1.00E-12	1.00E-12	1.00E-12	1.00E-12
*5*9	1.00E-12	1.00E-12	1.00E-12	1.00E-12	1.00E-12	1.00E-12
*6*1	0.05036248	1.00E-12	3.27E-07	0.00017752	0.00011115	1.29E-02
*6*2	1.11E-07	1.00E-12	1.00E-12	7.00E-10	1.50E-09	3.21E-08
*6*3	0.0351392	1.00E-12	6.73E-07	0.00052206	0.0013866	1.23E-02
*6*4	1.11E-07	1.00E-12	1.00E-12	7.00E-10	1.50E-09	3.21E-08
*6*5	1.11E-07	1.00E-12	1.00E-12	7.00E-10	1.50E-09	3.21E-08
*6*6	0.01236544	1.00E-12	1.00E-12	4.90E-07	2.25E-06	4.38E-03
*6*7	0.013344	1.00E-12	1.00E-12	7.00E-10	1.50E-09	2.59E-03
*6*8	1.11E-07	1.00E-12	1.00E-12	7.00E-10	1.50E-09	3.21E-08
*6*9	1.11E-07	1.00E-12	1.00E-12	7.00E-10	1.50E-09	3.21E-08
*7*1	0.054348	1.00E-12	3.27E-07	2.54E-07	7.41E-08	8.38E-03
*7*2	1.20E-07	1.00E-12	1.00E-12	1.00E-12	1.00E-12	1.96E-08
*7*3	0.03792	1.00E-12	6.73E-07	7.46E-07	9.24E-07	6.76E-03
*7*4	1.20E-07	1.00E-12	1.00E-12	1.00E-12	1.00E-12	1.96E-08
*7*5	1.20E-07	1.00E-12	1.00E-12	1.00E-12	1.00E-12	1.96E-08
*7*6	0.013344	1.00E-12	1.00E-12	7.00E-10	1.50E-09	2.59E-03
*7*7	0.0144	1.00E-12	1.00E-12	1.00E-12	1.00E-12	1.88E-03
*7*8	1.20E-07	1.00E-12	1.00E-12	1.00E-12	1.00E-12	1.96E-08
*7*9	1.20E-07	1.00E-12	1.00E-12	1.00E-12	1.00E-12	1.96E-08
*8*1	4.53E-07	1.00E-12	3.27E-07	2.54E-07	7.41E-08	1.90E-07
*8*2	1.00E-12	1.00E-12	1.00E-12	1.00E-12	1.00E-12	1.00E-12
*8*3	3.16E-07	1.00E-12	6.73E-07	7.46E-07	9.24E-07	5.91E-07
*8*4	1.00E-12	1.00E-12	1.00E-12	1.00E-12	1.00E-12	1.00E-12
*8*5	1.00E-12	1.00E-12	1.00E-12	1.00E-12	1.00E-12	1.00E-12
*8*6	1.11E-07	1.00E-12	1.00E-12	7.00E-10	1.50E-09	3.21E-08
*8*7	1.20E-07	1.00E-12	1.00E-12	1.00E-12	1.00E-12	1.96E-08
*8*8	1.00E-12	1.00E-12	1.00E-12	1.00E-12	1.00E-12	1.00E-12
*8*9	1.00E-12	1.00E-12	1.00E-12	1.00E-12	1.00E-12	1.00E-12
*9*1	4.53E-07	1.00E-12	3.27E-07	2.54E-07	7.41E-08	1.90E-07
*9*2	1.00E-12	1.00E-12	1.00E-12	1.00E-12	1.00E-12	1.00E-12
*9*3	3.16E-07	1.00E-12	6.73E-07	7.46E-07	9.24E-07	5.91E-07
*9*4	1.00E-12	1.00E-12	1.00E-12	1.00E-12	1.00E-12	1.00E-12
*9*5	1.00E-12	1.00E-12	1.00E-12	1.00E-12	1.00E-12	1.00E-12
*9*6	1.11E-07	1.00E-12	1.00E-12	7.00E-10	1.50E-09	3.21E-08
*9*7	1.20E-07	1.00E-12	1.00E-12	1.00E-12	1.00E-12	1.96E-08
*9*8	1.00E-12	1.00E-12	1.00E-12	1.00E-12	1.00E-12	1.00E-12
*9*9	1.00E-12	1.00E-12	1.00E-12	1.00E-12	1.00E-12	1.00E-12
