CYP3A4_allele	AFR	AMR	SAS	EAS	NFE	ALL
*1*1	0.819808917	0.819808917	0.819808917	0.819808917	0.819808917	0.819808917
*1*2	0.000623843	0.000623843	0.000623843	0.000623843	0.000623843	0.000623843
*1*3	0.006033806	0.006033806	0.006033806	0.006033806	0.006033806	0.006033806
*1*4	9.96E-05	9.96E-05	9.96E-05	9.96E-05	9.96E-05	9.96E-05
*1*5	4.53E-05	4.53E-05	4.53E-05	4.53E-05	4.53E-05	4.53E-05
*1*6	0.000126761	0.000126761	0.000126761	0.000126761	0.000126761	0.000126761
*1*7	0.000899095	0.000899095	0.000899095	0.000899095	0.000899095	0.000899095
*1*8	0.000287928	0.000287928	0.000287928	0.000287928	0.000287928	0.000287928
*1*9	9.05E-07	9.05E-07	9.05E-07	9.05E-07	9.05E-07	9.05E-07
*1*10	0.000603924	0.000603924	0.000603924	0.000603924	0.000603924	0.000603924
*1*11	0.000405634	0.000405634	0.000405634	0.000405634	0.000405634	0.000405634
*1*12	0.000143964	0.000143964	0.000143964	0.000143964	0.000143964	0.000143964
*1*13	0.0001666	0.0001666	0.0001666	0.0001666	0.0001666	0.0001666
*1*14	2.44E-05	2.44E-05	2.44E-05	2.44E-05	2.44E-05	2.44E-05
*1*15	0.001178874	0.001178874	0.001178874	0.001178874	0.001178874	0.001178874
*1*16	8.15E-05	8.15E-05	8.15E-05	8.15E-05	8.15E-05	8.15E-05
*1*17	5.43E-05	5.43E-05	5.43E-05	5.43E-05	5.43E-05	5.43E-05
*1*18	0.000487123	0.000487123	0.000487123	0.000487123	0.000487123	0.000487123
*1*19	0.03571571	0.03571571	0.03571571	0.03571571	0.03571571	0.03571571
*1*20	5.43E-05	5.43E-05	5.43E-05	5.43E-05	5.43E-05	5.43E-05
*1*21	9.05E-07	9.05E-07	9.05E-07	9.05E-07	9.05E-07	9.05E-07
*1*22	0.03797386	0.03797386	0.03797386	0.03797386	0.03797386	0.03797386
*1*23	0.000389336	0.000389336	0.000389336	0.000389336	0.000389336	0.000389336
*1*24	6.34E-05	6.34E-05	6.34E-05	6.34E-05	6.34E-05	6.34E-05
*1*26	0.000162978	0.000162978	0.000162978	0.000162978	0.000162978	0.000162978
*2*1	0.000623843	0.000623843	0.000623843	0.000623843	0.000623843	0.000623843
*2*2	4.75E-07	4.75E-07	4.75E-07	4.75E-07	4.75E-07	4.75E-07
*2*3	4.59E-06	4.59E-06	4.59E-06	4.59E-06	4.59E-06	4.59E-06
*2*4	7.58E-08	7.58E-08	7.58E-08	7.58E-08	7.58E-08	7.58E-08
*2*5	3.45E-08	3.45E-08	3.45E-08	3.45E-08	3.45E-08	3.45E-08
*2*6	9.65E-08	9.65E-08	9.65E-08	9.65E-08	9.65E-08	9.65E-08
*2*7	6.84E-07	6.84E-07	6.84E-07	6.84E-07	6.84E-07	6.84E-07
*2*8	2.19E-07	2.19E-07	2.19E-07	2.19E-07	2.19E-07	2.19E-07
*2*9	6.89E-10	6.89E-10	6.89E-10	6.89E-10	6.89E-10	6.89E-10
*2*10	4.60E-07	4.60E-07	4.60E-07	4.60E-07	4.60E-07	4.60E-07
*2*11	3.09E-07	3.09E-07	3.09E-07	3.09E-07	3.09E-07	3.09E-07
*2*12	1.10E-07	1.10E-07	1.10E-07	1.10E-07	1.10E-07	1.10E-07
*2*13	1.27E-07	1.27E-07	1.27E-07	1.27E-07	1.27E-07	1.27E-07
*2*14	1.86E-08	1.86E-08	1.86E-08	1.86E-08	1.86E-08	1.86E-08
*2*15	8.97E-07	8.97E-07	8.97E-07	8.97E-07	8.97E-07	8.97E-07
*2*16	6.20E-08	6.20E-08	6.20E-08	6.20E-08	6.20E-08	6.20E-08
*2*17	4.13E-08	4.13E-08	4.13E-08	4.13E-08	4.13E-08	4.13E-08
*2*18	3.71E-07	3.71E-07	3.71E-07	3.71E-07	3.71E-07	3.71E-07
*2*19	2.72E-05	2.72E-05	2.72E-05	2.72E-05	2.72E-05	2.72E-05
*2*20	4.13E-08	4.13E-08	4.13E-08	4.13E-08	4.13E-08	4.13E-08
*2*21	6.89E-10	6.89E-10	6.89E-10	6.89E-10	6.89E-10	6.89E-10
*2*22	2.89E-05	2.89E-05	2.89E-05	2.89E-05	2.89E-05	2.89E-05
*2*23	2.96E-07	2.96E-07	2.96E-07	2.96E-07	2.96E-07	2.96E-07
*2*24	4.82E-08	4.82E-08	4.82E-08	4.82E-08	4.82E-08	4.82E-08
*2*26	1.24E-07	1.24E-07	1.24E-07	1.24E-07	1.24E-07	1.24E-07
*3*1	0.006033806	0.006033806	0.006033806	0.006033806	0.006033806	0.006033806
*3*2	4.59E-06	4.59E-06	4.59E-06	4.59E-06	4.59E-06	4.59E-06
*3*3	4.44E-05	4.44E-05	4.44E-05	4.44E-05	4.44E-05	4.44E-05
*3*4	7.33E-07	7.33E-07	7.33E-07	7.33E-07	7.33E-07	7.33E-07
*3*5	3.33E-07	3.33E-07	3.33E-07	3.33E-07	3.33E-07	3.33E-07
*3*6	9.33E-07	9.33E-07	9.33E-07	9.33E-07	9.33E-07	9.33E-07
*3*7	6.62E-06	6.62E-06	6.62E-06	6.62E-06	6.62E-06	6.62E-06
*3*8	2.12E-06	2.12E-06	2.12E-06	2.12E-06	2.12E-06	2.12E-06
*3*9	6.66E-09	6.66E-09	6.66E-09	6.66E-09	6.66E-09	6.66E-09
*3*10	4.44E-06	4.44E-06	4.44E-06	4.44E-06	4.44E-06	4.44E-06
*3*11	2.99E-06	2.99E-06	2.99E-06	2.99E-06	2.99E-06	2.99E-06
*3*12	1.06E-06	1.06E-06	1.06E-06	1.06E-06	1.06E-06	1.06E-06
*3*13	1.23E-06	1.23E-06	1.23E-06	1.23E-06	1.23E-06	1.23E-06
*3*14	1.80E-07	1.80E-07	1.80E-07	1.80E-07	1.80E-07	1.80E-07
*3*15	8.68E-06	8.68E-06	8.68E-06	8.68E-06	8.68E-06	8.68E-06
*3*16	6.00E-07	6.00E-07	6.00E-07	6.00E-07	6.00E-07	6.00E-07
*3*17	4.00E-07	4.00E-07	4.00E-07	4.00E-07	4.00E-07	4.00E-07
*3*18	3.59E-06	3.59E-06	3.59E-06	3.59E-06	3.59E-06	3.59E-06
*3*19	0.000262868	0.000262868	0.000262868	0.000262868	0.000262868	0.000262868
*3*20	4.00E-07	4.00E-07	4.00E-07	4.00E-07	4.00E-07	4.00E-07
*3*21	6.66E-09	6.66E-09	6.66E-09	6.66E-09	6.66E-09	6.66E-09
*3*22	0.000279488	0.000279488	0.000279488	0.000279488	0.000279488	0.000279488
*3*23	2.87E-06	2.87E-06	2.87E-06	2.87E-06	2.87E-06	2.87E-06
*3*24	4.66E-07	4.66E-07	4.66E-07	4.66E-07	4.66E-07	4.66E-07
*3*26	1.20E-06	1.20E-06	1.20E-06	1.20E-06	1.20E-06	1.20E-06
*4*1	9.96E-05	9.96E-05	9.96E-05	9.96E-05	9.96E-05	9.96E-05
*4*2	7.58E-08	7.58E-08	7.58E-08	7.58E-08	7.58E-08	7.58E-08
*4*3	7.33E-07	7.33E-07	7.33E-07	7.33E-07	7.33E-07	7.33E-07
*4*4	1.21E-08	1.21E-08	1.21E-08	1.21E-08	1.21E-08	1.21E-08
*4*5	5.50E-09	5.50E-09	5.50E-09	5.50E-09	5.50E-09	5.50E-09
*4*6	1.54E-08	1.54E-08	1.54E-08	1.54E-08	1.54E-08	1.54E-08
*4*7	1.09E-07	1.09E-07	1.09E-07	1.09E-07	1.09E-07	1.09E-07
*4*8	3.50E-08	3.50E-08	3.50E-08	3.50E-08	3.50E-08	3.50E-08
*4*9	1.10E-10	1.10E-10	1.10E-10	1.10E-10	1.10E-10	1.10E-10
*4*10	7.34E-08	7.34E-08	7.34E-08	7.34E-08	7.34E-08	7.34E-08
*4*11	4.93E-08	4.93E-08	4.93E-08	4.93E-08	4.93E-08	4.93E-08
*4*12	1.75E-08	1.75E-08	1.75E-08	1.75E-08	1.75E-08	1.75E-08
*4*13	2.02E-08	2.02E-08	2.02E-08	2.02E-08	2.02E-08	2.02E-08
*4*14	2.97E-09	2.97E-09	2.97E-09	2.97E-09	2.97E-09	2.97E-09
*4*15	1.43E-07	1.43E-07	1.43E-07	1.43E-07	1.43E-07	1.43E-07
*4*16	9.90E-09	9.90E-09	9.90E-09	9.90E-09	9.90E-09	9.90E-09
*4*17	6.60E-09	6.60E-09	6.60E-09	6.60E-09	6.60E-09	6.60E-09
*4*18	5.92E-08	5.92E-08	5.92E-08	5.92E-08	5.92E-08	5.92E-08
*4*19	4.34E-06	4.34E-06	4.34E-06	4.34E-06	4.34E-06	4.34E-06
*4*20	6.60E-09	6.60E-09	6.60E-09	6.60E-09	6.60E-09	6.60E-09
*4*21	1.10E-10	1.10E-10	1.10E-10	1.10E-10	1.10E-10	1.10E-10
*4*22	4.61E-06	4.61E-06	4.61E-06	4.61E-06	4.61E-06	4.61E-06
*4*23	4.73E-08	4.73E-08	4.73E-08	4.73E-08	4.73E-08	4.73E-08
*4*24	7.70E-09	7.70E-09	7.70E-09	7.70E-09	7.70E-09	7.70E-09
*4*26	1.98E-08	1.98E-08	1.98E-08	1.98E-08	1.98E-08	1.98E-08
*5*1	4.53E-05	4.53E-05	4.53E-05	4.53E-05	4.53E-05	4.53E-05
*5*2	3.45E-08	3.45E-08	3.45E-08	3.45E-08	3.45E-08	3.45E-08
*5*3	3.33E-07	3.33E-07	3.33E-07	3.33E-07	3.33E-07	3.33E-07
*5*4	5.50E-09	5.50E-09	5.50E-09	5.50E-09	5.50E-09	5.50E-09
*5*5	2.50E-09	2.50E-09	2.50E-09	2.50E-09	2.50E-09	2.50E-09
*5*6	7.00E-09	7.00E-09	7.00E-09	7.00E-09	7.00E-09	0.000000007
*5*7	4.97E-08	4.97E-08	4.97E-08	4.97E-08	4.97E-08	4.97E-08
*5*8	1.59E-08	1.59E-08	1.59E-08	1.59E-08	1.59E-08	1.59E-08
*5*9	5.00E-11	5.00E-11	5.00E-11	5.00E-11	5.00E-11	5.00E-11
*5*10	3.34E-08	3.34E-08	3.34E-08	3.34E-08	3.34E-08	3.34E-08
*5*11	2.24E-08	2.24E-08	2.24E-08	2.24E-08	2.24E-08	2.24E-08
*5*12	7.95E-09	7.95E-09	7.95E-09	7.95E-09	7.95E-09	7.95E-09
*5*13	9.20E-09	9.20E-09	9.20E-09	9.20E-09	9.20E-09	9.20E-09
*5*14	1.35E-09	1.35E-09	1.35E-09	1.35E-09	1.35E-09	1.35E-09
*5*15	6.51E-08	6.51E-08	6.51E-08	6.51E-08	6.51E-08	6.51E-08
*5*16	4.50E-09	4.50E-09	4.50E-09	4.50E-09	4.50E-09	4.50E-09
*5*17	3.00E-09	3.00E-09	3.00E-09	3.00E-09	3.00E-09	0.000000003
*5*18	2.69E-08	2.69E-08	2.69E-08	2.69E-08	2.69E-08	2.69E-08
*5*19	1.97E-06	1.97E-06	1.97E-06	1.97E-06	1.97E-06	1.97E-06
*5*20	3.00E-09	3.00E-09	3.00E-09	3.00E-09	3.00E-09	0.000000003
*5*21	5.00E-11	5.00E-11	5.00E-11	5.00E-11	5.00E-11	5.00E-11
*5*22	2.10E-06	2.10E-06	2.10E-06	2.10E-06	2.10E-06	0.000002097
*5*23	2.15E-08	2.15E-08	2.15E-08	2.15E-08	2.15E-08	2.15E-08
*5*24	3.50E-09	3.50E-09	3.50E-09	3.50E-09	3.50E-09	3.50E-09
*5*26	9.00E-09	9.00E-09	9.00E-09	9.00E-09	9.00E-09	0.000000009
*6*1	0.000126761	0.000126761	0.000126761	0.000126761	0.000126761	0.000126761
*6*2	9.65E-08	9.65E-08	9.65E-08	9.65E-08	9.65E-08	9.65E-08
*6*3	9.33E-07	9.33E-07	9.33E-07	9.33E-07	9.33E-07	9.33E-07
*6*4	1.54E-08	1.54E-08	1.54E-08	1.54E-08	1.54E-08	1.54E-08
*6*5	7.00E-09	7.00E-09	7.00E-09	7.00E-09	7.00E-09	0.000000007
*6*6	1.96E-08	1.96E-08	1.96E-08	1.96E-08	1.96E-08	1.96E-08
*6*7	1.39E-07	1.39E-07	1.39E-07	1.39E-07	1.39E-07	1.39E-07
*6*8	4.45E-08	4.45E-08	4.45E-08	4.45E-08	4.45E-08	4.45E-08
*6*9	1.40E-10	1.40E-10	1.40E-10	1.40E-10	1.40E-10	1.40E-10
*6*10	9.34E-08	9.34E-08	9.34E-08	9.34E-08	9.34E-08	9.34E-08
*6*11	6.27E-08	6.27E-08	6.27E-08	6.27E-08	6.27E-08	6.27E-08
*6*12	2.23E-08	2.23E-08	2.23E-08	2.23E-08	2.23E-08	2.23E-08
*6*13	2.58E-08	2.58E-08	2.58E-08	2.58E-08	2.58E-08	2.58E-08
*6*14	3.78E-09	3.78E-09	3.78E-09	3.78E-09	3.78E-09	3.78E-09
*6*15	1.82E-07	1.82E-07	1.82E-07	1.82E-07	1.82E-07	1.82E-07
*6*16	1.26E-08	1.26E-08	1.26E-08	1.26E-08	1.26E-08	1.26E-08
*6*17	8.40E-09	8.40E-09	8.40E-09	8.40E-09	8.40E-09	8.40E-09
*6*18	7.53E-08	7.53E-08	7.53E-08	7.53E-08	7.53E-08	7.53E-08
*6*19	5.52E-06	5.52E-06	5.52E-06	5.52E-06	5.52E-06	5.52E-06
*6*20	8.40E-09	8.40E-09	8.40E-09	8.40E-09	8.40E-09	8.40E-09
*6*21	1.40E-10	1.40E-10	1.40E-10	1.40E-10	1.40E-10	1.40E-10
*6*22	5.87E-06	5.87E-06	5.87E-06	5.87E-06	5.87E-06	5.87E-06
*6*23	6.02E-08	6.02E-08	6.02E-08	6.02E-08	6.02E-08	6.02E-08
*6*24	9.80E-09	9.80E-09	9.80E-09	9.80E-09	9.80E-09	9.80E-09
*6*26	2.52E-08	2.52E-08	2.52E-08	2.52E-08	2.52E-08	2.52E-08
*7*1	0.000899095	0.000899095	0.000899095	0.000899095	0.000899095	0.000899095
*7*2	6.84E-07	6.84E-07	6.84E-07	6.84E-07	6.84E-07	6.84E-07
*7*3	6.62E-06	6.62E-06	6.62E-06	6.62E-06	6.62E-06	6.62E-06
*7*4	1.09E-07	1.09E-07	1.09E-07	1.09E-07	1.09E-07	1.09E-07
*7*5	4.97E-08	4.97E-08	4.97E-08	4.97E-08	4.97E-08	4.97E-08
*7*6	1.39E-07	1.39E-07	1.39E-07	1.39E-07	1.39E-07	1.39E-07
*7*7	9.86E-07	9.86E-07	9.86E-07	9.86E-07	9.86E-07	9.86E-07
*7*8	3.16E-07	3.16E-07	3.16E-07	3.16E-07	3.16E-07	3.16E-07
*7*9	9.93E-10	9.93E-10	9.93E-10	9.93E-10	9.93E-10	9.93E-10
*7*10	6.62E-07	6.62E-07	6.62E-07	6.62E-07	6.62E-07	6.62E-07
*7*11	4.45E-07	4.45E-07	4.45E-07	4.45E-07	4.45E-07	4.45E-07
*7*12	1.58E-07	1.58E-07	1.58E-07	1.58E-07	1.58E-07	1.58E-07
*7*13	1.83E-07	1.83E-07	1.83E-07	1.83E-07	1.83E-07	1.83E-07
*7*14	2.68E-08	2.68E-08	2.68E-08	2.68E-08	2.68E-08	2.68E-08
*7*15	1.29E-06	1.29E-06	1.29E-06	1.29E-06	1.29E-06	1.29E-06
*7*16	8.94E-08	8.94E-08	8.94E-08	8.94E-08	8.94E-08	8.94E-08
*7*17	5.96E-08	5.96E-08	5.96E-08	5.96E-08	5.96E-08	5.96E-08
*7*18	5.34E-07	5.34E-07	5.34E-07	5.34E-07	5.34E-07	5.34E-07
*7*19	3.92E-05	3.92E-05	3.92E-05	3.92E-05	3.92E-05	3.92E-05
*7*20	5.96E-08	5.96E-08	5.96E-08	5.96E-08	5.96E-08	5.96E-08
*7*21	9.93E-10	9.93E-10	9.93E-10	9.93E-10	9.93E-10	9.93E-10
*7*22	4.16E-05	4.16E-05	4.16E-05	4.16E-05	4.16E-05	4.16E-05
*7*23	4.27E-07	4.27E-07	4.27E-07	4.27E-07	4.27E-07	4.27E-07
*7*24	6.95E-08	6.95E-08	6.95E-08	6.95E-08	6.95E-08	6.95E-08
*7*26	1.79E-07	1.79E-07	1.79E-07	1.79E-07	1.79E-07	1.79E-07
*8*1	0.000287928	0.000287928	0.000287928	0.000287928	0.000287928	0.000287928
*8*2	2.19E-07	2.19E-07	2.19E-07	2.19E-07	2.19E-07	2.19E-07
*8*3	2.12E-06	2.12E-06	2.12E-06	2.12E-06	2.12E-06	2.12E-06
*8*4	3.50E-08	3.50E-08	3.50E-08	3.50E-08	3.50E-08	3.50E-08
*8*5	1.59E-08	1.59E-08	1.59E-08	1.59E-08	1.59E-08	1.59E-08
*8*6	4.45E-08	4.45E-08	4.45E-08	4.45E-08	4.45E-08	4.45E-08
*8*7	3.16E-07	3.16E-07	3.16E-07	3.16E-07	3.16E-07	3.16E-07
*8*8	1.01E-07	1.01E-07	1.01E-07	1.01E-07	1.01E-07	1.01E-07
*8*9	3.18E-10	3.18E-10	3.18E-10	3.18E-10	3.18E-10	3.18E-10
*8*10	2.12E-07	2.12E-07	2.12E-07	2.12E-07	2.12E-07	2.12E-07
*8*11	1.42E-07	1.42E-07	1.42E-07	1.42E-07	1.42E-07	1.42E-07
*8*12	5.06E-08	5.06E-08	5.06E-08	5.06E-08	5.06E-08	5.06E-08
*8*13	5.85E-08	5.85E-08	5.85E-08	5.85E-08	5.85E-08	5.85E-08
*8*14	8.59E-09	8.59E-09	8.59E-09	8.59E-09	8.59E-09	8.59E-09
*8*15	4.14E-07	4.14E-07	4.14E-07	4.14E-07	4.14E-07	4.14E-07
*8*16	2.86E-08	2.86E-08	2.86E-08	2.86E-08	2.86E-08	2.86E-08
*8*17	1.91E-08	1.91E-08	1.91E-08	1.91E-08	1.91E-08	1.91E-08
*8*18	1.71E-07	1.71E-07	1.71E-07	1.71E-07	1.71E-07	1.71E-07
*8*19	1.25E-05	1.25E-05	1.25E-05	1.25E-05	1.25E-05	1.25E-05
*8*20	1.91E-08	1.91E-08	1.91E-08	1.91E-08	1.91E-08	1.91E-08
*8*21	3.18E-10	3.18E-10	3.18E-10	3.18E-10	3.18E-10	3.18E-10
*8*22	1.33E-05	1.33E-05	1.33E-05	1.33E-05	1.33E-05	1.33E-05
*8*23	1.37E-07	1.37E-07	1.37E-07	1.37E-07	1.37E-07	1.37E-07
*8*24	2.23E-08	2.23E-08	2.23E-08	2.23E-08	2.23E-08	2.23E-08
*8*26	5.72E-08	5.72E-08	5.72E-08	5.72E-08	5.72E-08	5.72E-08
*9*1	9.05E-07	9.05E-07	9.05E-07	9.05E-07	9.05E-07	9.05E-07
*9*2	6.89E-10	6.89E-10	6.89E-10	6.89E-10	6.89E-10	6.89E-10
*9*3	6.66E-09	6.66E-09	6.66E-09	6.66E-09	6.66E-09	6.66E-09
*9*4	1.10E-10	1.10E-10	1.10E-10	1.10E-10	1.10E-10	1.10E-10
*9*5	5.00E-11	5.00E-11	5.00E-11	5.00E-11	5.00E-11	5.00E-11
*9*6	1.40E-10	1.40E-10	1.40E-10	1.40E-10	1.40E-10	1.40E-10
*9*7	9.93E-10	9.93E-10	9.93E-10	9.93E-10	9.93E-10	9.93E-10
*9*8	3.18E-10	3.18E-10	3.18E-10	3.18E-10	3.18E-10	3.18E-10
*9*9	1.00E-12	1.00E-12	1.00E-12	1.00E-12	1.00E-12	1.00E-12
*9*10	6.67E-10	6.67E-10	6.67E-10	6.67E-10	6.67E-10	6.67E-10
*9*11	4.48E-10	4.48E-10	4.48E-10	4.48E-10	4.48E-10	4.48E-10
*9*12	1.59E-10	1.59E-10	1.59E-10	1.59E-10	1.59E-10	1.59E-10
*9*13	1.84E-10	1.84E-10	1.84E-10	1.84E-10	1.84E-10	1.84E-10
*9*14	2.70E-11	2.70E-11	2.70E-11	2.70E-11	2.70E-11	2.70E-11
*9*15	1.30E-09	1.30E-09	1.30E-09	1.30E-09	1.30E-09	1.30E-09
*9*16	9.00E-11	9.00E-11	9.00E-11	9.00E-11	9.00E-11	9.00E-11
*9*17	6.00E-11	6.00E-11	6.00E-11	6.00E-11	6.00E-11	6.00E-11
*9*18	5.38E-10	5.38E-10	5.38E-10	5.38E-10	5.38E-10	5.38E-10
*9*19	3.94E-08	3.94E-08	3.94E-08	3.94E-08	3.94E-08	3.94E-08
*9*20	6.00E-11	6.00E-11	6.00E-11	6.00E-11	6.00E-11	6.00E-11
*9*21	1.00E-12	1.00E-12	1.00E-12	1.00E-12	1.00E-12	1.00E-12
*9*22	4.19E-08	4.19E-08	4.19E-08	4.19E-08	4.19E-08	4.19E-08
*9*23	4.30E-10	4.30E-10	4.30E-10	4.30E-10	4.30E-10	4.30E-10
*9*24	7.00E-11	7.00E-11	7.00E-11	7.00E-11	7.00E-11	7.00E-11
*9*26	1.80E-10	1.80E-10	1.80E-10	1.80E-10	1.80E-10	1.80E-10
*10*1	0.000603924	0.000603924	0.000603924	0.000603924	0.000603924	0.000603924
*10*2	4.60E-07	4.60E-07	4.60E-07	4.60E-07	4.60E-07	4.60E-07
*10*3	4.44E-06	4.44E-06	4.44E-06	4.44E-06	4.44E-06	4.44E-06
*10*4	7.34E-08	7.34E-08	7.34E-08	7.34E-08	7.34E-08	7.34E-08
*10*5	3.34E-08	3.34E-08	3.34E-08	3.34E-08	3.34E-08	3.34E-08
*10*6	9.34E-08	9.34E-08	9.34E-08	9.34E-08	9.34E-08	9.34E-08
*10*7	6.62E-07	6.62E-07	6.62E-07	6.62E-07	6.62E-07	6.62E-07
*10*8	2.12E-07	2.12E-07	2.12E-07	2.12E-07	2.12E-07	2.12E-07
*10*9	6.67E-10	6.67E-10	6.67E-10	6.67E-10	6.67E-10	6.67E-10
*10*10	4.45E-07	4.45E-07	4.45E-07	4.45E-07	4.45E-07	4.45E-07
*10*11	2.99E-07	2.99E-07	2.99E-07	2.99E-07	2.99E-07	2.99E-07
*10*12	1.06E-07	1.06E-07	1.06E-07	1.06E-07	1.06E-07	1.06E-07
*10*13	1.23E-07	1.23E-07	1.23E-07	1.23E-07	1.23E-07	1.23E-07
*10*14	1.80E-08	1.80E-08	1.80E-08	1.80E-08	1.80E-08	1.80E-08
*10*15	8.68E-07	8.68E-07	8.68E-07	8.68E-07	8.68E-07	8.68E-07
*10*16	6.00E-08	6.00E-08	6.00E-08	6.00E-08	6.00E-08	6.00E-08
*10*17	4.00E-08	4.00E-08	4.00E-08	4.00E-08	4.00E-08	4.00E-08
*10*18	3.59E-07	3.59E-07	3.59E-07	3.59E-07	3.59E-07	3.59E-07
*10*19	2.63E-05	2.63E-05	2.63E-05	2.63E-05	2.63E-05	2.63E-05
*10*20	4.00E-08	4.00E-08	4.00E-08	4.00E-08	4.00E-08	4.00E-08
*10*21	6.67E-10	6.67E-10	6.67E-10	6.67E-10	6.67E-10	6.67E-10
*10*22	2.80E-05	2.80E-05	2.80E-05	2.80E-05	2.80E-05	2.80E-05
*10*23	2.87E-07	2.87E-07	2.87E-07	2.87E-07	2.87E-07	2.87E-07
*10*24	4.67E-08	4.67E-08	4.67E-08	4.67E-08	4.67E-08	4.67E-08
*10*26	1.20E-07	1.20E-07	1.20E-07	1.20E-07	1.20E-07	1.20E-07
*11*1	0.000405634	0.000405634	0.000405634	0.000405634	0.000405634	0.000405634
*11*2	3.09E-07	3.09E-07	3.09E-07	3.09E-07	3.09E-07	3.09E-07
*11*3	2.99E-06	2.99E-06	2.99E-06	2.99E-06	2.99E-06	2.99E-06
*11*4	4.93E-08	4.93E-08	4.93E-08	4.93E-08	4.93E-08	4.93E-08
*11*5	2.24E-08	2.24E-08	2.24E-08	2.24E-08	2.24E-08	2.24E-08
*11*6	6.27E-08	6.27E-08	6.27E-08	6.27E-08	6.27E-08	6.27E-08
*11*7	4.45E-07	4.45E-07	4.45E-07	4.45E-07	4.45E-07	4.45E-07
*11*8	1.42E-07	1.42E-07	1.42E-07	1.42E-07	1.42E-07	1.42E-07
*11*9	4.48E-10	4.48E-10	4.48E-10	4.48E-10	4.48E-10	4.48E-10
*11*10	2.99E-07	2.99E-07	2.99E-07	2.99E-07	2.99E-07	2.99E-07
*11*11	2.01E-07	2.01E-07	2.01E-07	2.01E-07	2.01E-07	2.01E-07
*11*12	7.12E-08	7.12E-08	7.12E-08	7.12E-08	7.12E-08	7.12E-08
*11*13	8.24E-08	8.24E-08	8.24E-08	8.24E-08	8.24E-08	8.24E-08
*11*14	1.21E-08	1.21E-08	1.21E-08	1.21E-08	1.21E-08	1.21E-08
*11*15	5.83E-07	5.83E-07	5.83E-07	5.83E-07	5.83E-07	5.83E-07
*11*16	4.03E-08	4.03E-08	4.03E-08	4.03E-08	4.03E-08	4.03E-08
*11*17	2.69E-08	2.69E-08	2.69E-08	2.69E-08	2.69E-08	2.69E-08
*11*18	2.41E-07	2.41E-07	2.41E-07	2.41E-07	2.41E-07	2.41E-07
*11*19	1.77E-05	1.77E-05	1.77E-05	1.77E-05	1.77E-05	1.77E-05
*11*20	2.69E-08	2.69E-08	2.69E-08	2.69E-08	2.69E-08	2.69E-08
*11*21	4.48E-10	4.48E-10	4.48E-10	4.48E-10	4.48E-10	4.48E-10
*11*22	1.88E-05	1.88E-05	1.88E-05	1.88E-05	1.88E-05	1.88E-05
*11*23	1.93E-07	1.93E-07	1.93E-07	1.93E-07	1.93E-07	1.93E-07
*11*24	3.14E-08	3.14E-08	3.14E-08	3.14E-08	3.14E-08	3.14E-08
*11*26	8.06E-08	8.06E-08	8.06E-08	8.06E-08	8.06E-08	8.06E-08
*12*1	0.000143964	0.000143964	0.000143964	0.000143964	0.000143964	0.000143964
*12*2	1.10E-07	1.10E-07	1.10E-07	1.10E-07	1.10E-07	1.10E-07
*12*3	1.06E-06	1.06E-06	1.06E-06	1.06E-06	1.06E-06	1.06E-06
*12*4	1.75E-08	1.75E-08	1.75E-08	1.75E-08	1.75E-08	1.75E-08
*12*5	7.95E-09	7.95E-09	7.95E-09	7.95E-09	7.95E-09	7.95E-09
*12*6	2.23E-08	2.23E-08	2.23E-08	2.23E-08	2.23E-08	2.23E-08
*12*7	1.58E-07	1.58E-07	1.58E-07	1.58E-07	1.58E-07	1.58E-07
*12*8	5.06E-08	5.06E-08	5.06E-08	5.06E-08	5.06E-08	5.06E-08
*12*9	1.59E-10	1.59E-10	1.59E-10	1.59E-10	1.59E-10	1.59E-10
*12*10	1.06E-07	1.06E-07	1.06E-07	1.06E-07	1.06E-07	1.06E-07
*12*11	7.12E-08	7.12E-08	7.12E-08	7.12E-08	7.12E-08	7.12E-08
*12*12	2.53E-08	2.53E-08	2.53E-08	2.53E-08	2.53E-08	2.53E-08
*12*13	2.93E-08	2.93E-08	2.93E-08	2.93E-08	2.93E-08	2.93E-08
*12*14	4.29E-09	4.29E-09	4.29E-09	4.29E-09	4.29E-09	4.29E-09
*12*15	2.07E-07	2.07E-07	2.07E-07	2.07E-07	2.07E-07	2.07E-07
*12*16	1.43E-08	1.43E-08	1.43E-08	1.43E-08	1.43E-08	1.43E-08
*12*17	9.54E-09	9.54E-09	9.54E-09	9.54E-09	9.54E-09	9.54E-09
*12*18	8.55E-08	8.55E-08	8.55E-08	8.55E-08	8.55E-08	8.55E-08
*12*19	6.27E-06	6.27E-06	6.27E-06	6.27E-06	6.27E-06	6.27E-06
*12*20	9.54E-09	9.54E-09	9.54E-09	9.54E-09	9.54E-09	9.54E-09
*12*21	1.59E-10	1.59E-10	1.59E-10	1.59E-10	1.59E-10	1.59E-10
*12*22	6.67E-06	6.67E-06	6.67E-06	6.67E-06	6.67E-06	6.67E-06
*12*23	6.84E-08	6.84E-08	6.84E-08	6.84E-08	6.84E-08	6.84E-08
*12*24	1.11E-08	1.11E-08	1.11E-08	1.11E-08	1.11E-08	1.11E-08
*12*26	2.86E-08	2.86E-08	2.86E-08	2.86E-08	2.86E-08	2.86E-08
*13*1	0.0001666	0.0001666	0.0001666	0.0001666	0.0001666	0.0001666
*13*2	1.27E-07	1.27E-07	1.27E-07	1.27E-07	1.27E-07	1.27E-07
*13*3	1.23E-06	1.23E-06	1.23E-06	1.23E-06	1.23E-06	1.23E-06
*13*4	2.02E-08	2.02E-08	2.02E-08	2.02E-08	2.02E-08	2.02E-08
*13*5	9.20E-09	9.20E-09	9.20E-09	9.20E-09	9.20E-09	9.20E-09
*13*6	2.58E-08	2.58E-08	2.58E-08	2.58E-08	2.58E-08	2.58E-08
*13*7	1.83E-07	1.83E-07	1.83E-07	1.83E-07	1.83E-07	1.83E-07
*13*8	5.85E-08	5.85E-08	5.85E-08	5.85E-08	5.85E-08	5.85E-08
*13*9	1.84E-10	1.84E-10	1.84E-10	1.84E-10	1.84E-10	1.84E-10
*13*10	1.23E-07	1.23E-07	1.23E-07	1.23E-07	1.23E-07	1.23E-07
*13*11	8.24E-08	8.24E-08	8.24E-08	8.24E-08	8.24E-08	8.24E-08
*13*12	2.93E-08	2.93E-08	2.93E-08	2.93E-08	2.93E-08	2.93E-08
*13*13	3.39E-08	3.39E-08	3.39E-08	3.39E-08	3.39E-08	3.39E-08
*13*14	4.97E-09	4.97E-09	4.97E-09	4.97E-09	4.97E-09	4.97E-09
*13*15	2.40E-07	2.40E-07	2.40E-07	2.40E-07	2.40E-07	2.40E-07
*13*16	1.66E-08	1.66E-08	1.66E-08	1.66E-08	1.66E-08	1.66E-08
*13*17	1.10E-08	1.10E-08	1.10E-08	1.10E-08	1.10E-08	1.10E-08
*13*18	9.90E-08	9.90E-08	9.90E-08	9.90E-08	9.90E-08	9.90E-08
*13*19	7.26E-06	7.26E-06	7.26E-06	7.26E-06	7.26E-06	7.26E-06
*13*20	1.10E-08	1.10E-08	1.10E-08	1.10E-08	1.10E-08	1.10E-08
*13*21	1.84E-10	1.84E-10	1.84E-10	1.84E-10	1.84E-10	1.84E-10
*13*22	7.72E-06	7.72E-06	7.72E-06	7.72E-06	7.72E-06	7.72E-06
*13*23	7.91E-08	7.91E-08	7.91E-08	7.91E-08	7.91E-08	7.91E-08
*13*24	1.29E-08	1.29E-08	1.29E-08	1.29E-08	1.29E-08	1.29E-08
*13*26	3.31E-08	3.31E-08	3.31E-08	3.31E-08	3.31E-08	3.31E-08
*14*1	2.44E-05	2.44E-05	2.44E-05	2.44E-05	2.44E-05	2.44E-05
*14*2	1.86E-08	1.86E-08	1.86E-08	1.86E-08	1.86E-08	1.86E-08
*14*3	1.80E-07	1.80E-07	1.80E-07	1.80E-07	1.80E-07	1.80E-07
*14*4	2.97E-09	2.97E-09	2.97E-09	2.97E-09	2.97E-09	2.97E-09
*14*5	1.35E-09	1.35E-09	1.35E-09	1.35E-09	1.35E-09	1.35E-09
*14*6	3.78E-09	3.78E-09	3.78E-09	3.78E-09	3.78E-09	3.78E-09
*14*7	2.68E-08	2.68E-08	2.68E-08	2.68E-08	2.68E-08	2.68E-08
*14*8	8.59E-09	8.59E-09	8.59E-09	8.59E-09	8.59E-09	8.59E-09
*14*9	2.70E-11	2.70E-11	2.70E-11	2.70E-11	2.70E-11	2.70E-11
*14*10	1.80E-08	1.80E-08	1.80E-08	1.80E-08	1.80E-08	1.80E-08
*14*11	1.21E-08	1.21E-08	1.21E-08	1.21E-08	1.21E-08	1.21E-08
*14*12	4.29E-09	4.29E-09	4.29E-09	4.29E-09	4.29E-09	4.29E-09
*14*13	4.97E-09	4.97E-09	4.97E-09	4.97E-09	4.97E-09	4.97E-09
*14*14	7.29E-10	7.29E-10	7.29E-10	7.29E-10	7.29E-10	7.29E-10
*14*15	3.52E-08	3.52E-08	3.52E-08	3.52E-08	3.52E-08	3.52E-08
*14*16	2.43E-09	2.43E-09	2.43E-09	2.43E-09	2.43E-09	2.43E-09
*14*17	1.62E-09	1.62E-09	1.62E-09	1.62E-09	1.62E-09	1.62E-09
*14*18	1.45E-08	1.45E-08	1.45E-08	1.45E-08	1.45E-08	1.45E-08
*14*19	1.07E-06	1.07E-06	1.07E-06	1.07E-06	1.07E-06	1.07E-06
*14*20	1.62E-09	1.62E-09	1.62E-09	1.62E-09	1.62E-09	1.62E-09
*14*21	2.70E-11	2.70E-11	2.70E-11	2.70E-11	2.70E-11	2.70E-11
*14*22	1.13E-06	1.13E-06	1.13E-06	1.13E-06	1.13E-06	1.13E-06
*14*23	1.16E-08	1.16E-08	1.16E-08	1.16E-08	1.16E-08	1.16E-08
*14*24	1.89E-09	1.89E-09	1.89E-09	1.89E-09	1.89E-09	1.89E-09
*14*26	4.86E-09	4.86E-09	4.86E-09	4.86E-09	4.86E-09	4.86E-09
*15*1	0.001178874	0.001178874	0.001178874	0.001178874	0.001178874	0.001178874
*15*2	8.97E-07	8.97E-07	8.97E-07	8.97E-07	8.97E-07	8.97E-07
*15*3	8.68E-06	8.68E-06	8.68E-06	8.68E-06	8.68E-06	8.68E-06
*15*4	1.43E-07	1.43E-07	1.43E-07	1.43E-07	1.43E-07	1.43E-07
*15*5	6.51E-08	6.51E-08	6.51E-08	6.51E-08	6.51E-08	6.51E-08
*15*6	1.82E-07	1.82E-07	1.82E-07	1.82E-07	1.82E-07	1.82E-07
*15*7	1.29E-06	1.29E-06	1.29E-06	1.29E-06	1.29E-06	1.29E-06
*15*8	4.14E-07	4.14E-07	4.14E-07	4.14E-07	4.14E-07	4.14E-07
*15*9	1.30E-09	1.30E-09	1.30E-09	1.30E-09	1.30E-09	1.30E-09
*15*10	8.68E-07	8.68E-07	8.68E-07	8.68E-07	8.68E-07	8.68E-07
*15*11	5.83E-07	5.83E-07	5.83E-07	5.83E-07	5.83E-07	5.83E-07
*15*12	2.07E-07	2.07E-07	2.07E-07	2.07E-07	2.07E-07	2.07E-07
*15*13	2.40E-07	2.40E-07	2.40E-07	2.40E-07	2.40E-07	2.40E-07
*15*14	3.52E-08	3.52E-08	3.52E-08	3.52E-08	3.52E-08	3.52E-08
*15*15	1.70E-06	1.70E-06	1.70E-06	1.70E-06	1.70E-06	1.70E-06
*15*16	1.17E-07	1.17E-07	1.17E-07	1.17E-07	1.17E-07	1.17E-07
*15*17	7.81E-08	7.81E-08	7.81E-08	7.81E-08	7.81E-08	7.81E-08
*15*18	7.00E-07	7.00E-07	7.00E-07	7.00E-07	7.00E-07	7.00E-07
*15*19	5.14E-05	5.14E-05	5.14E-05	5.14E-05	5.14E-05	5.14E-05
*15*20	7.81E-08	7.81E-08	7.81E-08	7.81E-08	7.81E-08	7.81E-08
*15*21	1.30E-09	1.30E-09	1.30E-09	1.30E-09	1.30E-09	1.30E-09
*15*22	5.46E-05	5.46E-05	5.46E-05	5.46E-05	5.46E-05	5.46E-05
*15*23	5.60E-07	5.60E-07	5.60E-07	5.60E-07	5.60E-07	5.60E-07
*15*24	9.11E-08	9.11E-08	9.11E-08	9.11E-08	9.11E-08	9.11E-08
*15*26	2.34E-07	2.34E-07	2.34E-07	2.34E-07	2.34E-07	2.34E-07
*16*1	8.15E-05	8.15E-05	8.15E-05	8.15E-05	8.15E-05	8.15E-05
*16*2	6.20E-08	6.20E-08	6.20E-08	6.20E-08	6.20E-08	6.20E-08
*16*3	6.00E-07	6.00E-07	6.00E-07	6.00E-07	6.00E-07	6.00E-07
*16*4	9.90E-09	9.90E-09	9.90E-09	9.90E-09	9.90E-09	9.90E-09
*16*5	4.50E-09	4.50E-09	4.50E-09	4.50E-09	4.50E-09	4.50E-09
*16*6	1.26E-08	1.26E-08	1.26E-08	1.26E-08	1.26E-08	1.26E-08
*16*7	8.94E-08	8.94E-08	8.94E-08	8.94E-08	8.94E-08	8.94E-08
*16*8	2.86E-08	2.86E-08	2.86E-08	2.86E-08	2.86E-08	2.86E-08
*16*9	9.00E-11	9.00E-11	9.00E-11	9.00E-11	9.00E-11	9.00E-11
*16*10	6.00E-08	6.00E-08	6.00E-08	6.00E-08	6.00E-08	6.00E-08
*16*11	4.03E-08	4.03E-08	4.03E-08	4.03E-08	4.03E-08	4.03E-08
*16*12	1.43E-08	1.43E-08	1.43E-08	1.43E-08	1.43E-08	1.43E-08
*16*13	1.66E-08	1.66E-08	1.66E-08	1.66E-08	1.66E-08	1.66E-08
*16*14	2.43E-09	2.43E-09	2.43E-09	2.43E-09	2.43E-09	2.43E-09
*16*15	1.17E-07	1.17E-07	1.17E-07	1.17E-07	1.17E-07	1.17E-07
*16*16	8.10E-09	8.10E-09	8.10E-09	8.10E-09	8.10E-09	8.10E-09
*16*17	5.40E-09	5.40E-09	5.40E-09	5.40E-09	5.40E-09	5.40E-09
*16*18	4.84E-08	4.84E-08	4.84E-08	4.84E-08	4.84E-08	4.84E-08
*16*19	3.55E-06	3.55E-06	3.55E-06	3.55E-06	3.55E-06	3.55E-06
*16*20	5.40E-09	5.40E-09	5.40E-09	5.40E-09	5.40E-09	5.40E-09
*16*21	9.00E-11	9.00E-11	9.00E-11	9.00E-11	9.00E-11	9.00E-11
*16*22	3.77E-06	3.77E-06	3.77E-06	3.77E-06	3.77E-06	3.77E-06
*16*23	3.87E-08	3.87E-08	3.87E-08	3.87E-08	3.87E-08	3.87E-08
*16*24	6.30E-09	6.30E-09	6.30E-09	6.30E-09	6.30E-09	6.30E-09
*16*26	1.62E-08	1.62E-08	1.62E-08	1.62E-08	1.62E-08	1.62E-08
*17*1	5.43E-05	5.43E-05	5.43E-05	5.43E-05	5.43E-05	5.43E-05
*17*2	4.13E-08	4.13E-08	4.13E-08	4.13E-08	4.13E-08	4.13E-08
*17*3	4.00E-07	4.00E-07	4.00E-07	4.00E-07	4.00E-07	4.00E-07
*17*4	6.60E-09	6.60E-09	6.60E-09	6.60E-09	6.60E-09	6.60E-09
*17*5	3.00E-09	3.00E-09	3.00E-09	3.00E-09	3.00E-09	0.000000003
*17*6	8.40E-09	8.40E-09	8.40E-09	8.40E-09	8.40E-09	8.40E-09
*17*7	5.96E-08	5.96E-08	5.96E-08	5.96E-08	5.96E-08	5.96E-08
*17*8	1.91E-08	1.91E-08	1.91E-08	1.91E-08	1.91E-08	1.91E-08
*17*9	6.00E-11	6.00E-11	6.00E-11	6.00E-11	6.00E-11	6.00E-11
*17*10	4.00E-08	4.00E-08	4.00E-08	4.00E-08	4.00E-08	4.00E-08
*17*11	2.69E-08	2.69E-08	2.69E-08	2.69E-08	2.69E-08	2.69E-08
*17*12	9.54E-09	9.54E-09	9.54E-09	9.54E-09	9.54E-09	9.54E-09
*17*13	1.10E-08	1.10E-08	1.10E-08	1.10E-08	1.10E-08	1.10E-08
*17*14	1.62E-09	1.62E-09	1.62E-09	1.62E-09	1.62E-09	1.62E-09
*17*15	7.81E-08	7.81E-08	7.81E-08	7.81E-08	7.81E-08	7.81E-08
*17*16	5.40E-09	5.40E-09	5.40E-09	5.40E-09	5.40E-09	5.40E-09
*17*17	3.60E-09	3.60E-09	3.60E-09	3.60E-09	3.60E-09	3.60E-09
*17*18	3.23E-08	3.23E-08	3.23E-08	3.23E-08	3.23E-08	3.23E-08
*17*19	2.37E-06	2.37E-06	2.37E-06	2.37E-06	2.37E-06	2.37E-06
*17*20	3.60E-09	3.60E-09	3.60E-09	3.60E-09	3.60E-09	3.60E-09
*17*21	6.00E-11	6.00E-11	6.00E-11	6.00E-11	6.00E-11	6.00E-11
*17*22	2.52E-06	2.52E-06	2.52E-06	2.52E-06	2.52E-06	2.52E-06
*17*23	2.58E-08	2.58E-08	2.58E-08	2.58E-08	2.58E-08	2.58E-08
*17*24	4.20E-09	4.20E-09	4.20E-09	4.20E-09	4.20E-09	4.20E-09
*17*26	1.08E-08	1.08E-08	1.08E-08	1.08E-08	1.08E-08	1.08E-08
*18*1	0.000487123	0.000487123	0.000487123	0.000487123	0.000487123	0.000487123
*18*2	3.71E-07	3.71E-07	3.71E-07	3.71E-07	3.71E-07	3.71E-07
*18*3	3.59E-06	3.59E-06	3.59E-06	3.59E-06	3.59E-06	3.59E-06
*18*4	5.92E-08	5.92E-08	5.92E-08	5.92E-08	5.92E-08	5.92E-08
*18*5	2.69E-08	2.69E-08	2.69E-08	2.69E-08	2.69E-08	2.69E-08
*18*6	7.53E-08	7.53E-08	7.53E-08	7.53E-08	7.53E-08	7.53E-08
*18*7	5.34E-07	5.34E-07	5.34E-07	5.34E-07	5.34E-07	5.34E-07
*18*8	1.71E-07	1.71E-07	1.71E-07	1.71E-07	1.71E-07	1.71E-07
*18*9	5.38E-10	5.38E-10	5.38E-10	5.38E-10	5.38E-10	5.38E-10
*18*10	3.59E-07	3.59E-07	3.59E-07	3.59E-07	3.59E-07	3.59E-07
*18*11	2.41E-07	2.41E-07	2.41E-07	2.41E-07	2.41E-07	2.41E-07
*18*12	8.55E-08	8.55E-08	8.55E-08	8.55E-08	8.55E-08	8.55E-08
*18*13	9.90E-08	9.90E-08	9.90E-08	9.90E-08	9.90E-08	9.90E-08
*18*14	1.45E-08	1.45E-08	1.45E-08	1.45E-08	1.45E-08	1.45E-08
*18*15	7.00E-07	7.00E-07	7.00E-07	7.00E-07	7.00E-07	7.00E-07
*18*16	4.84E-08	4.84E-08	4.84E-08	4.84E-08	4.84E-08	4.84E-08
*18*17	3.23E-08	3.23E-08	3.23E-08	3.23E-08	3.23E-08	3.23E-08
*18*18	2.89E-07	2.89E-07	2.89E-07	2.89E-07	2.89E-07	2.89E-07
*18*19	2.12E-05	2.12E-05	2.12E-05	2.12E-05	2.12E-05	2.12E-05
*18*20	3.23E-08	3.23E-08	3.23E-08	3.23E-08	3.23E-08	3.23E-08
*18*21	5.38E-10	5.38E-10	5.38E-10	5.38E-10	5.38E-10	5.38E-10
*18*22	2.26E-05	2.26E-05	2.26E-05	2.26E-05	2.26E-05	2.26E-05
*18*23	2.31E-07	2.31E-07	2.31E-07	2.31E-07	2.31E-07	2.31E-07
*18*24	3.77E-08	3.77E-08	3.77E-08	3.77E-08	3.77E-08	3.77E-08
*18*26	9.68E-08	9.68E-08	9.68E-08	9.68E-08	9.68E-08	9.68E-08
*19*1	0.03571571	0.03571571	0.03571571	0.03571571	0.03571571	0.03571571
*19*2	2.72E-05	2.72E-05	2.72E-05	2.72E-05	2.72E-05	2.72E-05
*19*3	0.000262868	0.000262868	0.000262868	0.000262868	0.000262868	0.000262868
*19*4	4.34E-06	4.34E-06	4.34E-06	4.34E-06	4.34E-06	4.34E-06
*19*5	1.97E-06	1.97E-06	1.97E-06	1.97E-06	1.97E-06	1.97E-06
*19*6	5.52E-06	5.52E-06	5.52E-06	5.52E-06	5.52E-06	5.52E-06
*19*7	3.92E-05	3.92E-05	3.92E-05	3.92E-05	3.92E-05	3.92E-05
*19*8	1.25E-05	1.25E-05	1.25E-05	1.25E-05	1.25E-05	1.25E-05
*19*9	3.94E-08	3.94E-08	3.94E-08	3.94E-08	3.94E-08	3.94E-08
*19*10	2.63E-05	2.63E-05	2.63E-05	2.63E-05	2.63E-05	2.63E-05
*19*11	1.77E-05	1.77E-05	1.77E-05	1.77E-05	1.77E-05	1.77E-05
*19*12	6.27E-06	6.27E-06	6.27E-06	6.27E-06	6.27E-06	6.27E-06
*19*13	7.26E-06	7.26E-06	7.26E-06	7.26E-06	7.26E-06	7.26E-06
*19*14	1.07E-06	1.07E-06	1.07E-06	1.07E-06	1.07E-06	1.07E-06
*19*15	5.14E-05	5.14E-05	5.14E-05	5.14E-05	5.14E-05	5.14E-05
*19*16	3.55E-06	3.55E-06	3.55E-06	3.55E-06	3.55E-06	3.55E-06
*19*17	2.37E-06	2.37E-06	2.37E-06	2.37E-06	2.37E-06	2.37E-06
*19*18	2.12E-05	2.12E-05	2.12E-05	2.12E-05	2.12E-05	2.12E-05
*19*19	0.001555987	0.001555987	0.001555987	0.001555987	0.001555987	0.001555987
*19*20	2.37E-06	2.37E-06	2.37E-06	2.37E-06	2.37E-06	2.37E-06
*19*21	3.94E-08	3.94E-08	3.94E-08	3.94E-08	3.94E-08	3.94E-08
*19*22	0.001654365	0.001654365	0.001654365	0.001654365	0.001654365	0.001654365
*19*23	1.70E-05	1.70E-05	1.70E-05	1.70E-05	1.70E-05	1.70E-05
*19*24	2.76E-06	2.76E-06	2.76E-06	2.76E-06	2.76E-06	2.76E-06
*19*26	7.10E-06	7.10E-06	7.10E-06	7.10E-06	7.10E-06	7.10E-06
*20*1	5.43E-05	5.43E-05	5.43E-05	5.43E-05	5.43E-05	5.43E-05
*20*2	4.13E-08	4.13E-08	4.13E-08	4.13E-08	4.13E-08	4.13E-08
*20*3	4.00E-07	4.00E-07	4.00E-07	4.00E-07	4.00E-07	4.00E-07
*20*4	6.60E-09	6.60E-09	6.60E-09	6.60E-09	6.60E-09	6.60E-09
*20*5	3.00E-09	3.00E-09	3.00E-09	3.00E-09	3.00E-09	0.000000003
*20*6	8.40E-09	8.40E-09	8.40E-09	8.40E-09	8.40E-09	8.40E-09
*20*7	5.96E-08	5.96E-08	5.96E-08	5.96E-08	5.96E-08	5.96E-08
*20*8	1.91E-08	1.91E-08	1.91E-08	1.91E-08	1.91E-08	1.91E-08
*20*9	6.00E-11	6.00E-11	6.00E-11	6.00E-11	6.00E-11	6.00E-11
*20*10	4.00E-08	4.00E-08	4.00E-08	4.00E-08	4.00E-08	4.00E-08
*20*11	2.69E-08	2.69E-08	2.69E-08	2.69E-08	2.69E-08	2.69E-08
*20*12	9.54E-09	9.54E-09	9.54E-09	9.54E-09	9.54E-09	9.54E-09
*20*13	1.10E-08	1.10E-08	1.10E-08	1.10E-08	1.10E-08	1.10E-08
*20*14	1.62E-09	1.62E-09	1.62E-09	1.62E-09	1.62E-09	1.62E-09
*20*15	7.81E-08	7.81E-08	7.81E-08	7.81E-08	7.81E-08	7.81E-08
*20*16	5.40E-09	5.40E-09	5.40E-09	5.40E-09	5.40E-09	5.40E-09
*20*17	3.60E-09	3.60E-09	3.60E-09	3.60E-09	3.60E-09	3.60E-09
*20*18	3.23E-08	3.23E-08	3.23E-08	3.23E-08	3.23E-08	3.23E-08
*20*19	2.37E-06	2.37E-06	2.37E-06	2.37E-06	2.37E-06	2.37E-06
*20*20	3.60E-09	3.60E-09	3.60E-09	3.60E-09	3.60E-09	3.60E-09
*20*21	6.00E-11	6.00E-11	6.00E-11	6.00E-11	6.00E-11	6.00E-11
*20*22	2.52E-06	2.52E-06	2.52E-06	2.52E-06	2.52E-06	2.52E-06
*20*23	2.58E-08	2.58E-08	2.58E-08	2.58E-08	2.58E-08	2.58E-08
*20*24	4.20E-09	4.20E-09	4.20E-09	4.20E-09	4.20E-09	4.20E-09
*20*26	1.08E-08	1.08E-08	1.08E-08	1.08E-08	1.08E-08	1.08E-08
*21*1	9.05E-07	9.05E-07	9.05E-07	9.05E-07	9.05E-07	9.05E-07
*21*2	6.89E-10	6.89E-10	6.89E-10	6.89E-10	6.89E-10	6.89E-10
*21*3	6.66E-09	6.66E-09	6.66E-09	6.66E-09	6.66E-09	6.66E-09
*21*4	1.10E-10	1.10E-10	1.10E-10	1.10E-10	1.10E-10	1.10E-10
*21*5	5.00E-11	5.00E-11	5.00E-11	5.00E-11	5.00E-11	5.00E-11
*21*6	1.40E-10	1.40E-10	1.40E-10	1.40E-10	1.40E-10	1.40E-10
*21*7	9.93E-10	9.93E-10	9.93E-10	9.93E-10	9.93E-10	9.93E-10
*21*8	3.18E-10	3.18E-10	3.18E-10	3.18E-10	3.18E-10	3.18E-10
*21*9	1.00E-12	1.00E-12	1.00E-12	1.00E-12	1.00E-12	1.00E-12
*21*10	6.67E-10	6.67E-10	6.67E-10	6.67E-10	6.67E-10	6.67E-10
*21*11	4.48E-10	4.48E-10	4.48E-10	4.48E-10	4.48E-10	4.48E-10
*21*12	1.59E-10	1.59E-10	1.59E-10	1.59E-10	1.59E-10	1.59E-10
*21*13	1.84E-10	1.84E-10	1.84E-10	1.84E-10	1.84E-10	1.84E-10
*21*14	2.70E-11	2.70E-11	2.70E-11	2.70E-11	2.70E-11	2.70E-11
*21*15	1.30E-09	1.30E-09	1.30E-09	1.30E-09	1.30E-09	1.30E-09
*21*16	9.00E-11	9.00E-11	9.00E-11	9.00E-11	9.00E-11	9.00E-11
*21*17	6.00E-11	6.00E-11	6.00E-11	6.00E-11	6.00E-11	6.00E-11
*21*18	5.38E-10	5.38E-10	5.38E-10	5.38E-10	5.38E-10	5.38E-10
*21*19	3.94E-08	3.94E-08	3.94E-08	3.94E-08	3.94E-08	3.94E-08
*21*20	6.00E-11	6.00E-11	6.00E-11	6.00E-11	6.00E-11	6.00E-11
*21*21	1.00E-12	1.00E-12	1.00E-12	1.00E-12	1.00E-12	1.00E-12
*21*22	4.19E-08	4.19E-08	4.19E-08	4.19E-08	4.19E-08	4.19E-08
*21*23	4.30E-10	4.30E-10	4.30E-10	4.30E-10	4.30E-10	4.30E-10
*21*24	7.00E-11	7.00E-11	7.00E-11	7.00E-11	7.00E-11	7.00E-11
*21*26	1.80E-10	1.80E-10	1.80E-10	1.80E-10	1.80E-10	1.80E-10
*22*1	0.03797386	0.03797386	0.03797386	0.03797386	0.03797386	0.03797386
*22*2	2.89E-05	2.89E-05	2.89E-05	2.89E-05	2.89E-05	2.89E-05
*22*3	0.000279488	0.000279488	0.000279488	0.000279488	0.000279488	0.000279488
*22*4	4.61E-06	4.61E-06	4.61E-06	4.61E-06	4.61E-06	4.61E-06
*22*5	2.10E-06	2.10E-06	2.10E-06	2.10E-06	2.10E-06	0.000002097
*22*6	5.87E-06	5.87E-06	5.87E-06	5.87E-06	5.87E-06	5.87E-06
*22*7	4.16E-05	4.16E-05	4.16E-05	4.16E-05	4.16E-05	4.16E-05
*22*8	1.33E-05	1.33E-05	1.33E-05	1.33E-05	1.33E-05	1.33E-05
*22*9	4.19E-08	4.19E-08	4.19E-08	4.19E-08	4.19E-08	4.19E-08
*22*10	2.80E-05	2.80E-05	2.80E-05	2.80E-05	2.80E-05	2.80E-05
*22*11	1.88E-05	1.88E-05	1.88E-05	1.88E-05	1.88E-05	1.88E-05
*22*12	6.67E-06	6.67E-06	6.67E-06	6.67E-06	6.67E-06	6.67E-06
*22*13	7.72E-06	7.72E-06	7.72E-06	7.72E-06	7.72E-06	7.72E-06
*22*14	1.13E-06	1.13E-06	1.13E-06	1.13E-06	1.13E-06	1.13E-06
*22*15	5.46E-05	5.46E-05	5.46E-05	5.46E-05	5.46E-05	5.46E-05
*22*16	3.77E-06	3.77E-06	3.77E-06	3.77E-06	3.77E-06	3.77E-06
*22*17	2.52E-06	2.52E-06	2.52E-06	2.52E-06	2.52E-06	2.52E-06
*22*18	2.26E-05	2.26E-05	2.26E-05	2.26E-05	2.26E-05	2.26E-05
*22*19	0.001654365	0.001654365	0.001654365	0.001654365	0.001654365	0.001654365
*22*20	2.52E-06	2.52E-06	2.52E-06	2.52E-06	2.52E-06	2.52E-06
*22*21	4.19E-08	4.19E-08	4.19E-08	4.19E-08	4.19E-08	4.19E-08
*22*22	0.001758964	0.001758964	0.001758964	0.001758964	0.001758964	0.001758964
*22*23	1.80E-05	1.80E-05	1.80E-05	1.80E-05	1.80E-05	1.80E-05
*22*24	2.94E-06	2.94E-06	2.94E-06	2.94E-06	2.94E-06	2.94E-06
*22*26	7.55E-06	7.55E-06	7.55E-06	7.55E-06	7.55E-06	7.55E-06
*23*1	0.000389336	0.000389336	0.000389336	0.000389336	0.000389336	0.000389336
*23*2	2.96E-07	2.96E-07	2.96E-07	2.96E-07	2.96E-07	2.96E-07
*23*3	2.87E-06	2.87E-06	2.87E-06	2.87E-06	2.87E-06	2.87E-06
*23*4	4.73E-08	4.73E-08	4.73E-08	4.73E-08	4.73E-08	4.73E-08
*23*5	2.15E-08	2.15E-08	2.15E-08	2.15E-08	2.15E-08	2.15E-08
*23*6	6.02E-08	6.02E-08	6.02E-08	6.02E-08	6.02E-08	6.02E-08
*23*7	4.27E-07	4.27E-07	4.27E-07	4.27E-07	4.27E-07	4.27E-07
*23*8	1.37E-07	1.37E-07	1.37E-07	1.37E-07	1.37E-07	1.37E-07
*23*9	4.30E-10	4.30E-10	4.30E-10	4.30E-10	4.30E-10	4.30E-10
*23*10	2.87E-07	2.87E-07	2.87E-07	2.87E-07	2.87E-07	2.87E-07
*23*11	1.93E-07	1.93E-07	1.93E-07	1.93E-07	1.93E-07	1.93E-07
*23*12	6.84E-08	6.84E-08	6.84E-08	6.84E-08	6.84E-08	6.84E-08
*23*13	7.91E-08	7.91E-08	7.91E-08	7.91E-08	7.91E-08	7.91E-08
*23*14	1.16E-08	1.16E-08	1.16E-08	1.16E-08	1.16E-08	1.16E-08
*23*15	5.60E-07	5.60E-07	5.60E-07	5.60E-07	5.60E-07	5.60E-07
*23*16	3.87E-08	3.87E-08	3.87E-08	3.87E-08	3.87E-08	3.87E-08
*23*17	2.58E-08	2.58E-08	2.58E-08	2.58E-08	2.58E-08	2.58E-08
*23*18	2.31E-07	2.31E-07	2.31E-07	2.31E-07	2.31E-07	2.31E-07
*23*19	1.70E-05	1.70E-05	1.70E-05	1.70E-05	1.70E-05	1.70E-05
*23*20	2.58E-08	2.58E-08	2.58E-08	2.58E-08	2.58E-08	2.58E-08
*23*21	4.30E-10	4.30E-10	4.30E-10	4.30E-10	4.30E-10	4.30E-10
*23*22	1.80E-05	1.80E-05	1.80E-05	1.80E-05	1.80E-05	1.80E-05
*23*23	1.85E-07	1.85E-07	1.85E-07	1.85E-07	1.85E-07	1.85E-07
*23*24	3.01E-08	3.01E-08	3.01E-08	3.01E-08	3.01E-08	3.01E-08
*23*26	7.74E-08	7.74E-08	7.74E-08	7.74E-08	7.74E-08	7.74E-08
*24*1	6.34E-05	6.34E-05	6.34E-05	6.34E-05	6.34E-05	6.34E-05
*24*2	4.82E-08	4.82E-08	4.82E-08	4.82E-08	4.82E-08	4.82E-08
*24*3	4.66E-07	4.66E-07	4.66E-07	4.66E-07	4.66E-07	4.66E-07
*24*4	7.70E-09	7.70E-09	7.70E-09	7.70E-09	7.70E-09	7.70E-09
*24*5	3.50E-09	3.50E-09	3.50E-09	3.50E-09	3.50E-09	3.50E-09
*24*6	9.80E-09	9.80E-09	9.80E-09	9.80E-09	9.80E-09	9.80E-09
*24*7	6.95E-08	6.95E-08	6.95E-08	6.95E-08	6.95E-08	6.95E-08
*24*8	2.23E-08	2.23E-08	2.23E-08	2.23E-08	2.23E-08	2.23E-08
*24*9	7.00E-11	7.00E-11	7.00E-11	7.00E-11	7.00E-11	7.00E-11
*24*10	4.67E-08	4.67E-08	4.67E-08	4.67E-08	4.67E-08	4.67E-08
*24*11	3.14E-08	3.14E-08	3.14E-08	3.14E-08	3.14E-08	3.14E-08
*24*12	1.11E-08	1.11E-08	1.11E-08	1.11E-08	1.11E-08	1.11E-08
*24*13	1.29E-08	1.29E-08	1.29E-08	1.29E-08	1.29E-08	1.29E-08
*24*14	1.89E-09	1.89E-09	1.89E-09	1.89E-09	1.89E-09	1.89E-09
*24*15	9.11E-08	9.11E-08	9.11E-08	9.11E-08	9.11E-08	9.11E-08
*24*16	6.30E-09	6.30E-09	6.30E-09	6.30E-09	6.30E-09	6.30E-09
*24*17	4.20E-09	4.20E-09	4.20E-09	4.20E-09	4.20E-09	4.20E-09
*24*18	3.77E-08	3.77E-08	3.77E-08	3.77E-08	3.77E-08	3.77E-08
*24*19	2.76E-06	2.76E-06	2.76E-06	2.76E-06	2.76E-06	2.76E-06
*24*20	4.20E-09	4.20E-09	4.20E-09	4.20E-09	4.20E-09	4.20E-09
*24*21	7.00E-11	7.00E-11	7.00E-11	7.00E-11	7.00E-11	7.00E-11
*24*22	2.94E-06	2.94E-06	2.94E-06	2.94E-06	2.94E-06	2.94E-06
*24*23	3.01E-08	3.01E-08	3.01E-08	3.01E-08	3.01E-08	3.01E-08
*24*24	4.90E-09	4.90E-09	4.90E-09	4.90E-09	4.90E-09	4.90E-09
*24*26	1.26E-08	1.26E-08	1.26E-08	1.26E-08	1.26E-08	1.26E-08
*26*1	0.000162978	0.000162978	0.000162978	0.000162978	0.000162978	0.000162978
*26*2	1.24E-07	1.24E-07	1.24E-07	1.24E-07	1.24E-07	1.24E-07
*26*3	1.20E-06	1.20E-06	1.20E-06	1.20E-06	1.20E-06	1.20E-06
*26*4	1.98E-08	1.98E-08	1.98E-08	1.98E-08	1.98E-08	1.98E-08
*26*5	9.00E-09	9.00E-09	9.00E-09	9.00E-09	9.00E-09	0.000000009
*26*6	2.52E-08	2.52E-08	2.52E-08	2.52E-08	2.52E-08	2.52E-08
*26*7	1.79E-07	1.79E-07	1.79E-07	1.79E-07	1.79E-07	1.79E-07
*26*8	5.72E-08	5.72E-08	5.72E-08	5.72E-08	5.72E-08	5.72E-08
*26*9	1.80E-10	1.80E-10	1.80E-10	1.80E-10	1.80E-10	1.80E-10
*26*10	1.20E-07	1.20E-07	1.20E-07	1.20E-07	1.20E-07	1.20E-07
*26*11	8.06E-08	8.06E-08	8.06E-08	8.06E-08	8.06E-08	8.06E-08
*26*12	2.86E-08	2.86E-08	2.86E-08	2.86E-08	2.86E-08	2.86E-08
*26*13	3.31E-08	3.31E-08	3.31E-08	3.31E-08	3.31E-08	3.31E-08
*26*14	4.86E-09	4.86E-09	4.86E-09	4.86E-09	4.86E-09	4.86E-09
*26*15	2.34E-07	2.34E-07	2.34E-07	2.34E-07	2.34E-07	2.34E-07
*26*16	1.62E-08	1.62E-08	1.62E-08	1.62E-08	1.62E-08	1.62E-08
*26*17	1.08E-08	1.08E-08	1.08E-08	1.08E-08	1.08E-08	1.08E-08
*26*18	9.68E-08	9.68E-08	9.68E-08	9.68E-08	9.68E-08	9.68E-08
*26*19	7.10E-06	7.10E-06	7.10E-06	7.10E-06	7.10E-06	7.10E-06
*26*20	1.08E-08	1.08E-08	1.08E-08	1.08E-08	1.08E-08	1.08E-08
*26*21	1.80E-10	1.80E-10	1.80E-10	1.80E-10	1.80E-10	1.80E-10
*26*22	7.55E-06	7.55E-06	7.55E-06	7.55E-06	7.55E-06	7.55E-06
*26*23	7.74E-08	7.74E-08	7.74E-08	7.74E-08	7.74E-08	7.74E-08
*26*24	1.26E-08	1.26E-08	1.26E-08	1.26E-08	1.26E-08	1.26E-08
*26*26	3.24E-08	3.24E-08	3.24E-08	3.24E-08	3.24E-08	3.24E-08
