UGT1A1_allele	AFR	AMR	SAS	EAS	NFE	ALL
*1*1	0.00095481	1.00E-12	0.29257281	0.49787136	0.13010449	2.79E-01
*1*6	0.0001236	1.00E-12	0.02428641	0.10322928	0.00284953	2.02E-02
*1*27	3.09E-08	1.00E-12	5.41E-07	7.06E-07	3.61E-07	4.50E-07
*1*28	0.01153806	1.00E-12	0.22404078	0.1044288	0.11416155	1.10E-01
*1*36	0.00261105	1.00E-12	5.41E-07	7.06E-07	3.61E-07	3.53E-03
*1*37	0.0017613	1.00E-12	5.41E-07	7.06E-07	0.00025249	1.98E-03
*1*80	0.01391427	1.00E-12	5.41E-07	7.06E-07	0.11333194	3.61E-02
*6*1	0.0001236	1.00E-12	0.02428641	0.10322928	0.00284953	2.02E-02
*6*6	1.60E-05	1.00E-12	0.00201601	0.02140369	6.24E-05	3.76E-03
*6*27	4.00E-09	1.00E-12	4.49E-08	1.46E-07	7.90E-09	3.14E-08
*6*28	0.0014936	1.00E-12	0.01859758	0.0216524	0.00250035	6.29E-03
*6*36	0.000338	1.00E-12	4.49E-08	1.46E-07	7.90E-09	2.82E-05
*6*37	0.000228	1.00E-12	4.49E-08	1.46E-07	5.53E-06	2.04E-05
*6*80	0.0018012	1.00E-12	4.49E-08	1.46E-07	0.00248218	1.14E-03
*27*1	3.09E-08	1.00E-12	5.41E-07	7.06E-07	3.61E-07	4.50E-07
*27*6	4.00E-09	1.00E-12	4.49E-08	1.46E-07	7.90E-09	3.14E-08
*27*27	1.00E-12	1.00E-12	1.00E-12	1.00E-12	1.00E-12	1.00E-12
*27*28	3.73E-07	1.00E-12	4.14E-07	1.48E-07	3.17E-07	2.65E-07
*27*36	8.45E-08	1.00E-12	1.00E-12	1.00E-12	1.00E-12	1.35E-08
*27*37	5.70E-08	1.00E-12	1.00E-12	1.00E-12	7.00E-10	8.38E-09
*27*80	4.50E-07	1.00E-12	1.00E-12	1.00E-12	3.14E-07	1.48E-07
*28*1	0.01153806	1.00E-12	0.22404078	0.1044288	0.11416155	1.10E-01
*28*6	0.0014936	1.00E-12	0.01859758	0.0216524	0.00250035	6.29E-03
*28*27	3.73E-07	1.00E-12	4.14E-07	1.48E-07	3.17E-07	2.65E-07
*28*28	0.13942756	1.00E-12	0.17156164	0.021904	0.10017225	8.93E-02
*28*36	0.0315523	1.00E-12	4.14E-07	1.48E-07	3.17E-07	5.16E-03
*28*37	0.0212838	1.00E-12	4.14E-07	1.48E-07	0.00022155	3.18E-03
*28*80	0.16814202	1.00E-12	4.14E-07	1.48E-07	0.0994443	5.16E-02
*36*1	0.00261105	1.00E-12	5.41E-07	7.06E-07	3.61E-07	3.53E-03
*36*6	0.000338	1.00E-12	4.49E-08	1.46E-07	7.90E-09	2.82E-05
*36*27	8.45E-08	1.00E-12	1.00E-12	1.00E-12	1.00E-12	1.35E-08
*36*28	0.0315523	1.00E-12	4.14E-07	1.48E-07	3.17E-07	5.16E-03
*36*36	0.00714025	1.00E-12	1.00E-12	1.00E-12	1.00E-12	1.01E-03
*36*37	0.0048165	1.00E-12	1.00E-12	1.00E-12	7.00E-10	6.20E-04
*36*80	0.03805035	1.00E-12	1.00E-12	1.00E-12	3.14E-07	3.17E-03
*37*1	0.0017613	1.00E-12	5.41E-07	7.06E-07	0.00025249	1.98E-03
*37*6	0.000228	1.00E-12	4.49E-08	1.46E-07	5.53E-06	2.04E-05
*37*27	5.70E-08	1.00E-12	1.00E-12	1.00E-12	7.00E-10	8.38E-09
*37*28	0.0212838	1.00E-12	4.14E-07	1.48E-07	0.00022155	3.18E-03
*37*36	0.0048165	1.00E-12	1.00E-12	1.00E-12	7.00E-10	6.20E-04
*37*37	0.003249	1.00E-12	1.00E-12	1.00E-12	4.90E-07	3.87E-04
*37*80	0.0256671	1.00E-12	1.00E-12	1.00E-12	0.00021994	2.19E-03
*80*1	0.01391427	1.00E-12	5.41E-07	7.06E-07	0.11333194	3.61E-02
*80*6	0.0018012	1.00E-12	4.49E-08	1.46E-07	0.00248218	1.14E-03
*80*27	4.50E-07	1.00E-12	1.00E-12	1.00E-12	3.14E-07	1.48E-07
*80*28	0.16814202	1.00E-12	4.14E-07	1.48E-07	0.0994443	5.16E-02
*80*36	0.03805035	1.00E-12	1.00E-12	1.00E-12	3.14E-07	3.17E-03
*80*37	0.0256671	1.00E-12	1.00E-12	1.00E-12	0.00021994	2.19E-03
*80*80	0.20277009	1.00E-12	1.00E-12	1.00E-12	0.09872164	5.38E-02
